1 2
2 3
3 4
4 5
5 6
6 7
7 8
8 9
9 10
10 11
11 12
12 13
13 14
14 15
15 16
16 17
17 18
18 19
19 20
20 21
21 22
22 23
23 24
24 25
1 25
26 27
27 28
28 29
29 30
30 31
31 32
32 33
33 34
34 35
35 36
36 37
37 38
38 39
39 40
40 41
41 42
42 43
43 44
44 45
45 46
46 47
47 48
48 49
49 50
26 50
51 52
52 53
53 54
54 55
55 56
56 57
57 58
58 59
59 60
60 61
61 62
62 63
63 64
64 65
65 66
66 67
67 68
68 69
69 70
70 71
71 72
72 73
73 74
74 75
51 75
76 77
77 78
78 79
79 80
80 81
81 82
82 83
83 84
84 85
85 86
86 87
87 88
88 89
89 90
90 91
91 92
92 93
93 94
94 95
95 96
96 97
97 98
98 99
99 100
76 100
1 3
2 4
3 5
4 6
5 7
6 8
7 9
8 10
9 11
10 12
11 13
12 14
13 15
14 16
15 17
16 18
17 19
18 20
19 21
20 22
21 23
22 24
23 25
1 24
2 25
26 28
27 29
28 30
29 31
30 32
31 33
32 34
33 35
34 36
35 37
36 38
37 39
38 40
39 41
40 42
41 43
42 44
43 45
44 46
45 47
46 48
47 49
48 50
26 49
27 50
51 53
52 54
53 55
54 56
55 57
56 58
57 59
58 60
59 61
60 62
61 63
62 64
63 65
64 66
65 67
66 68
67 69
68 70
69 71
70 72
71 73
72 74
73 75
51 74
52 75
76 78
77 79
78 80
79 81
80 82
81 83
1 26
26 51
51 76
1 51
1 83
26 62
26 93
2 52
2 84
27 63
27 94
3 53
3 85
28 64
28 95
4 54
4 86
29 65
29 96
5 55
5 87
30 66
30 97
6 56
6 88
31 67
31 98
7 57
7 89
32 68
32 99
8 58
8 90
33 69
33 100
9 59
9 91
34 70
34 76
10 60
10 92
35 71
35 77
11 61
11 93
36 72
36 78
12 62
12 94
37 73
37 79
13 63
13 95
38 74
38 80
14 64
14 96
39 75
39 81
15 65
15 97
40 51
40 82
16 66
16 98
41 52
41 83
17 67
17 99
42 53
42 84
18 68
18 100
43 54
43 85
19 69
19 76
44 55
44 86
20 70
20 77
45 56
45 87
21 71
21 78
46 57
46 88
22 72
22 79
47 58
47 89
23 73
23 80
48 59
48 90
24 74
24 81
49 60
49 91
25 75
25 82
50 61
50 92
34 60
17 36
24 38
3 65
61 65
19 51
38 94
8 92
9 87
24 41
29 98
29 73
28 90
44 88
3 40
78 90
4 13
62 93
68 91
46 92
28 82
15 27
9 89
24 46
29 45
2 30
28 70
40 57
57 77
37 83
18 72
35 89
14 72
14 69
4 46
28 61
13 57
31 97
23 52
52 80
41 72
26 92
69 85
65 71
7 12
56 90
11 45
26 31
60 78
45 49
75 83
60 85
25 36
25 56
54 89
26 90
73 99
27 46
16 41
41 86
47 96
70 74
6 71
40 93
6 98
15 30
49 82
8 22
56 81
36 43
13 62
66 79
72 98
53 88
85 99
40 68
20 94
5 28
16 22
4 50
20 67
8 53
52 99
16 74
55 92
11 21
27 92
3 26
36 100
7 66
4 65
5 36
33 51
89 94
23 83
88 92
11 82
48 65
2 63
45 88
28 56
13 37
42 60
22 88
39 71
58 100
15 72
7 79
75 80
20 50
48 88
52 84
12 18
48 77
7 71
28 38
34 44
31 81
84 86
8 52
59 85
3 84
54 67
26 79
56 82
36 87
68 74
26 34
26 52
7 15
11 49
36 46
49 72
55 74
46 91
10 23
32 70
23 90
25 60
21 89
37 65
68 92
88 95
10 36
31 50
65 75
18 77
34 67
37 66
24 27
56 77
72 80
7 91
58 62
29 58
24 100
55 65
87 99
25 34
65 82
39 61
47 97
14 60
44 78
17 24
11 55
47 87
36 70
23 33
11 87
29 67
43 99
50 62
55 77
5 27
55 70
24 58
35 83
37 40
18 24
63 86
17 58
71 79
25 54
69 79
3 22
10 21
55 71
40 50
25 30
82 89
2 35
9 37
15 81
10 93
12 96
55 81
3 29
48 72
13 35
47 62
12 69
58 99
13 68
35 97
12 52
16 88
27 39
44 81
80 89
41 75
53 64
65 98
43 60
25 37
60 71
25 78
94 98
23 41
51 88
20 62
18 91
5 41
56 83
55 83
74 100
5 34
6 50
55 61
7 58
25 53
80 98
60 76
59 87
7 26
24 49
26 96
23 61
92 95
21 66
23 28
58 79
89 100
26 82
70 86
50 80
30 63
55 98
18 25
33 57
43 49
41 71
50 97
11 83
65 93
41 93
2 21
42 71
18 39
68 100
61 98
7 100
17 52
83 85
1 81
30 77
26 40
18 74
35 94
42 79
5 42
88 91
90 98
72 84
47 51
39 85
4 43
29 93
27 78
9 43
32 52
35 67
18 46
40 89
50 95
18 93
47 80
4 68
24 91
34 83
10 86
26 36
62 77
19 22
14 30
48 78
30 90
24 39
91 97
35 92
39 89
22 40
51 65
55 88
29 53
53 56
12 73
36 65
35 82
10 26
10 91
71 81
69 89
22 51
38 82
37 75
49 96
10 85
49 55
15 66
6 38
5 86
21 62
14 34
57 72
67 76
11 42
34 56
1 94
16 92
2 6
7 92
27 91
36 96
15 47
2 55
56 69
34 54
18 86
54 82
51 89
40 99
26 95
65 91
61 96
33 52
6 100
9 23
18 21
6 27
50 57
38 51
9 80
13 20
22 78
24 33
2 45
4 74
47 66
59 66
7 38
16 77
24 87
16 67
5 99
3 21
10 68
59 65
12 92
28 66
11 80
28 65
45 72
67 80
19 96
6 68
40 60
72 82
8 64
12 55
84 96
41 46
34 79
4 61
16 45
11 60
19 56
74 96
15 43
73 90
31 92
45 55
27 68
40 69
7 36
1 21
9 100
22 84
27 85
41 97
34 45
87 94
24 92
39 47
4 48
94 96
55 97
49 78
14 48
37 81
17 40
28 93
57 82
94 100
30 35
52 67
10 29
31 63
41 82
11 44
19 91
50 66
51 55
36 80
2 57
11 89
48 89
5 98
42 46
54 75
68 77
54 68
27 43
62 79
15 50
31 96
81 91
58 93
57 91
3 44
22 57
56 65
46 53
29 33
61 67
4 84
3 14
28 73
5 51
55 72
5 35
59 62
81 85
9 73
14 97
19 58
69 76
14 32
27 93
15 100
50 93
56 99
28 87
62 88
12 61
19 60
4 24
26 88
28 31
3 63
13 79
8 39
22 87
22 31
2 97
19 38
61 99
62 90
12 19
53 67
3 17
11 73
73 87
55 100
92 100
62 96
34 95
81 88
48 64
5 83
16 39
45 82
22 60
46 99
75 96
32 54
6 75
30 96
77 91
14 75
9 49
35 42
2 33
23 76
5 100
29 66
74 98
33 61
13 69
37 57
28 55
38 91
17 69
44 63
15 25
54 83
6 82
34 58
7 17
37 96
30 53
82 88
12 34
21 79
17 32
69 87
44 53
1 96
12 24
45 81
1 29
15 88
38 98
81 100
42 96
24 31
51 86
19 26
72 83
13 58
33 87
48 86
41 50
14 93
21 52
1 64
7 63
29 64
7 53
2 36
50 54
8 35
30 51
65 80
12 41
53 84
29 57
48 73
39 97
3 35
14 71
33 80
32 93
19 34
6 78
70 100
42 65
43 63
2 34
4 67
11 52
54 69
12 60
21 24
86 90
38 87
8 78
78 94
79 89
35 54
1 100
15 77
46 86
87 93
17 56
17 72
3 94
42 76
15 93
69 100
47 57
80 87
46 51
63 88
58 68
40 66
6 91
18 22
23 58
9 33
5 75
7 31
19 78
30 48
8 62
5 68
65 73
24 71
43 52
11 56
64 69
5 74
42 49
6 9
66 99
23 43
88 93
7 73
35 69
51 61
23 72
65 77
46 83
36 50
4 44
47 73
34 40
47 50
57 87
35 53
21 64
10 79
3 50
22 80
53 62
45 91
5 91
52 55
19 32
30 62
5 71
29 89
60 65
48 71
5 95
82 100
1 68
36 58
15 19
65 81
51 94
6 87
5 78
25 43
68 71
77 96
10 27
6 22
5 69
56 89
9 34
76 87
16 43
68 78
22 30
27 53
16 85
1 47
66 70
19 47
29 91
72 96
53 85
59 92
61 78
77 95
66 80
49 89
50 78
38 73
13 16
1 78
8 49
8 79
63 74
27 84
19 75
37 76
39 94
4 69
59 67
16 96
57 85
51 92
26 37
84 95
10 41
56 68
72 93
47 85
61 93
42 52
54 71
21 45
9 97
29 50
3 62
16 76
57 89
37 69
82 90
30 38
18 80
18 96
24 55
9 38
43 73
27 69
32 96
52 96
3 18
82 85
1 88
53 83
13 31
28 85
24 93
45 71
33 44
27 45
64 84
98 100
37 41
10 49
64 70
53 68
21 55
19 70
36 77
23 29
51 60
36 89
30 45
51 84
9 15
33 46
20 91
52 64
74 97
3 47
42 62
27 52
21 49
40 63
2 22
63 75
18 48
54 100
44 62
23 70
35 56
48 66
43 59
62 85
44 100
20 46
55 58
1 10
25 66
31 36
11 86
38 92
38 56
35 59
24 86
3 12
33 45
56 78
28 53
9 58
11 16
8 50
13 60
59 95
55 85
72 88
31 86
17 73
18 71
4 91
69 83
9 25
61 94
13 50
19 59
22 91
71 88
85 97
30 39
31 90
74 86
15 90
36 83
47 55
29 76
58 83
38 59
77 98
50 91
56 87
1 60
34 75
12 16
51 59
9 68
31 55
6 96
92 98
36 39
48 97
20 92
32 44
70 76
3 28
23 89
60 97
9 79
15 69
30 89
52 82
34 71
57 96
5 92
4 78
62 86
23 67
51 66
3 36
45 94
48 95
40 45
6 95
25 87
45 51
13 21
55 69
19 83
28 54
19 92
8 20
10 82
4 23
13 84
66 90
33 40
69 73
39 79
50 79
10 28
16 32
33 38
17 37
40 91
63 71
26 42
9 96
19 37
20 76
68 86
48 74
38 84
8 11
7 41
7 34
31 43
18 81
16 34
7 49
45 70
88 96
72 75
12 27
30 65
13 67
9 17
43 69
28 96
44 61
21 44
4 62
46 84
33 62
10 84
10 47
7 13
65 79
16 100
18 67
19 73
82 86
54 64
16 33
5 16
20 28
7 94
5 29
64 95
21 38
61 80
57 100
17 25
23 26
30 100
46 65
24 67
52 70
40 81
12 15
77 92
8 71
5 14
35 58
13 92
46 59
3 10
63 91
15 67
2 92
17 96
67 93
53 74
29 56
26 63
45 85
50 75
13 44
7 30
34 96
29 35
8 61
53 94
49 65
45 73
6 67
17 89
91 94
2 95
21 88
39 46
27 55
57 60
36 40
8 100
53 69
46 71
62 65
17 44
37 95
25 69
32 86
11 17
31 71
37 52
9 81
34 81
12 77
49 77
22 75
15 91
38 46
19 84
37 67
30 49
78 99
37 43
12 95
30 76
53 99
41 53
37 63
6 90
46 79
29 42
3 93
40 90
77 94
83 99
44 77
21 50
78 82
17 42
22 89
3 41
17 60
14 49
61 64
27 98
67 83
82 99
18 82
5 47
31 73
3 69
79 86
27 89
26 87
3 64
45 53
33 74
13 70
12 100
6 61
6 33
43 75
45 54
7 37
43 97
15 44
55 64
23 99
77 82
16 90
4 90
5 13
23 55
49 95
16 62
26 41
28 99
30 72
48 81
16 21
12 48
25 100
52 66
71 92
11 32
13 94
5 22
13 42
24 96
50 89
63 72
25 31
73 76
50 84
76 84
4 20
17 71
61 86
15 21
23 85
64 93
7 23
1 58
47 90
54 94
90 100
49 81
50 51
14 62
67 90
11 53
21 87
10 22
27 76
9 64
45 77
15 59
24 53
81 93
52 88
58 82
60 91
28 41
10 72
19 79
26 77
13 54
6 40
8 74
6 44
51 83
44 96
7 68
62 95
59 80
58 85
41 79
17 50
27 65
61 71
70 99
59 98
17 54
17 75
23 66
20 87
24 32
7 61
2 43
3 11
53 82
37 99
63 78
37 100
1 75
77 81
75 81
6 31
38 55
42 90
58 71
1 52
57 92
17 23
63 73
50 99
22 49
12 43
33 55
10 31
79 98
39 49
57 61
37 53
51 77
34 74
41 45
25 93
34 50
27 48
58 67
34 47
30 91
23 50
13 73
5 84
13 65
3 98
28 80
24 40
70 73
49 86
44 83
38 43
58 75
36 44
66 75
28 67
27 30
18 55
48 99
44 79
74 88
74 92
16 50
3 48
12 36
6 24
12 59
1 4
67 82
27 87
4 95
32 45
62 72
82 96
5 90
15 84
61 79
74 81
38 89
3 59
32 51
74 90
60 83
48 67
20 96
46 81
6 42
1 86
35 80
66 95
37 82
63 87
20 72
29 75
56 64
21 54
23 46
53 70
15 99
44 80
53 79
33 88
2 96
40 62
17 61
17 27
9 93
76 88
75 86
30 61
6 19
20 49
41 70
74 84
52 59
35 88
50 94
9 48
51 90
31 39
5 18
48 57
29 83
71 98
45 97
64 80
48 60
37 72
56 72
35 39
56 60
2 88
58 76
38 54
87 96
31 77
1 65
37 88
67 77
20 100
50 76
25 49
55 89
49 97
32 55
42 64
9 47
24 60
70 88
86 100
69 82
73 95
55 76
19 63
10 44
25 89
77 86
49 74
24 84
15 39
53 60
93 99
45 68
15 52
73 92
41 99
5 45
53 65
47 79
39 72
1 28
39 67
28 47
17 93
13 83
26 86
4 73
1 97
64 71
24 85
48 100
18 66
3 55
33 85
65 100
26 68
43 96
91 93
7 98
18 44
8 97
26 98
20 51
48 93
4 100
39 54
70 95
3 95
63 69
23 57
23 60
54 93
6 48
67 95
24 90
10 66
50 96
33 67
25 33
20 61
32 35
4 40
36 73
36 97
37 87
46 55
29 95
6 39
20 80
71 82
57 94
41 63
47 94
27 66
12 46
93 98
46 60
18 75
81 90
18 23
44 94
7 16
76 94
38 93
15 51
52 79
44 99
7 43
79 88
78 98
27 51
19 65
59 100
77 88
8 56
57 90
63 80
13 80
56 74
3 61
43 93
29 54
25 81
3 13
4 27
15 74
32 47
24 35
10 40
34 73
39 65
60 94
58 86
54 58
14 51
16 79
53 93
23 32
8 32
69 90
42 78
31 38
5 46
50 88
16 97
17 84
54 73
92 96
69 95
19 95
57 75
27 54
47 99
1 57
64 67
69 97
31 80
54 98
6 36
34 48
13 24
5 54
41 64
8 28
4 9
15 71
65 83
41 48
33 48
48 96
73 82
9 94
47 54
4 15
96 99
30 98
62 73
50 72
55 90
48 79
32 41
9 71
33 47
15 36
39 69
5 64
4 45
49 59
27 67
19 28
71 83
55 87
31 83
1 32
23 74
7 21
71 85
27 41
23 37
10 35
1 72
67 94
46 69
3 9
17 68
53 97
11 70
60 75
21 28
42 68
18 58
43 90
3 42
27 64
40 97
37 58
44 56
75 100
8 68
14 76
15 26
24 43
29 63
12 66
63 82
47 82
44 65
8 45
15 18
8 59
31 85
39 76
64 81
10 78
6 79
9 42
60 74
59 72
47 68
2 87
32 84
32 53
31 35
17 86
16 54
11 33
23 51
12 75
48 94
9 24
35 63
36 61
3 33
29 70
2 58
12 25
6 69
90 94
10 73
18 69
54 87
14 38
69 75
32 97
56 86
33 95
16 28
27 47
18 59
21 25
42 48
3 87
17 46
50 71
56 84
7 29
35 49
54 79
74 85
46 50
87 92
31 41
49 71
13 89
71 80
30 47
68 79
1 35
22 61
21 93
25 68
48 91
35 40
61 70
24 52
71 87
24 83
7 95
50 82
9 70
18 64
82 87
20 60
18 43
9 99
50 90
42 99
22 35
44 93
43 70
50 73
10 87
40 64
1 11
61 97
14 40
31 69
35 93
1 85
25 57
21 100
8 15
9 28
46 54
32 57
9 54
27 88
18 42
29 99
47 60
5 93
39 96
45 75
11 97
18 32
10 50
11 34
65 70
56 96
3 52
11 79
47 81
32 43
10 48
25 90
70 83
31 34
68 88
66 88
51 97
43 80
7 64
22 48
16 70
23 36
18 31
42 54
48 58
38 45
10 62
7 22
9 84
32 56
54 97
48 63
4 52
2 69
23 62
12 42
41 51
4 42
4 7
79 97
25 63
72 97
68 89
1 13
17 20
59 71
16 37
35 76
26 70
13 43
1 41
27 96
38 48
34 90
29 81
9 76
11 91
21 67
8 91
32 71
2 26
47 72
18 98
23 79
66 76
76 90
24 95
16 72
9 69
22 77
15 54
25 83
53 92
44 52
52 76
47 69
71 99
1 79
61 74
18 85
29 55
6 59
8 55
25 59
30 68
45 95
78 96
20 24
52 87
22 83
42 89
3 32
34 72
43 84
4 59
34 65
26 38
32 74
8 89
83 89
47 76
36 64
46 85
21 40
62 75
7 18
9 75
26 89
15 92
26 85
19 57
64 100
35 43
17 38
2 19
5 38
79 96
71 75
18 89
19 99
15 73
26 39
34 52
49 58
37 44
69 74
27 60
30 52
25 29
50 63
50 69
52 94
14 17
27 34
13 59
19 44
40 87
55 95
66 84
42 95
51 99
69 84
20 75
29 61
21 51
72 89
8 84
26 59
1 44
21 56
19 52
60 89
22 53
66 82
40 59
63 81
14 43
37 77
6 32
19 93
3 27
74 83
12 68
33 70
54 72
55 91
61 84
38 70
43 95
35 91
10 56
21 72
17 62
14 65
79 100
9 83
27 83
26 43
7 55
21 65
47 92
28 97
32 61
37 60
6 52
23 75
75 77
47 74
5 24
37 48
35 85
32 39
19 39
28 100
59 94
63 89
54 88
36 76
29 47
3 66
27 99
76 89
11 62
46 87
19 46
59 70
8 83
22 76
27 62
19 82
48 75
17 65
64 76
8 95
68 85
21 35
32 90
59 99
27 71
82 91
49 70
12 32
24 78
40 86
64 75
79 85
45 98
33 37
39 70
23 30
22 97
67 79
20 31
50 74
22 45
62 91
51 57
10 80
17 28
29 37
71 84
15 34
22 86
1 76
37 71
59 76
58 89
20 35
69 98
32 69
25 44
59 73
9 18
43 94
11 38
68 99
26 73
28 71
86 98
71 100
54 78
18 88
8 72
15 60
63 96
1 95
54 81
17 76
25 98
16 19
15 56
10 77
12 28
24 64
85 88
47 100
19 68
21 41
86 99
15 48
22 95
49 52
85 92
39 66
15 96
64 94
1 93
90 96
82 97
33 86
58 98
15 82
4 11
64 72
18 36
41 76
40 94
59 96
57 97
12 70
24 75
21 59
24 88
86 95
47 52
44 98
16 95
30 46
62 69
60 93
46 80
60 66
22 67
53 80
55 86
29 72
3 91
44 74
64 97
27 42
43 66
70 87
11 48
7 88
49 98
16 24
41 58
15 80
63 95
1 43
12 51
73 98
46 72
20 25
5 37
17 100
36 79
12 40
40 46
67 97
7 90
36 45
21 94
51 58
72 85
25 39
12 88
6 30
53 81
32 38
43 79
46 98
42 75
8 42
19 97
4 18
30 88
68 96
61 76
63 85
43 68
30 69
32 46
8 96
9 57
8 70
12 38
49 66
67 71
72 77
44 70
14 45
26 58
2 11
20 85
21 81
24 98
21 57
2 79
52 98
41 92
32 63
30 42
25 70
27 31
17 47
8 27
7 60
14 36
5 53
9 50
12 49
12 74
39 99
35 100
10 17
19 55
11 43
2 15
12 21
83 92
31 91
93 100
37 42
31 95
27 61
87 100
30 87
81 92
54 70
4 64
59 86
66 77
44 82
14 70
56 88
95 97
56 79
54 92
26 29
10 75
1 22
35 41
17 26
34 97
30 99
15 79
48 69
33 90
45 64
12 57
45 62
58 78
47 65
10 43
10 97
53 98
27 37
29 39
82 92
41 67
35 78
58 84
12 85
40 92
3 68
44 92
26 46
3 77
30 83
29 71
29 44
51 68
6 26
23 54
9 41
9 12
22 73
11 64
86 94
78 87
6 28
22 62
14 22
3 31
60 84
32 94
26 67
59 81
12 31
69 92
50 100
17 79
17 29
11 76
35 57
61 90
18 57
64 79
31 76
61 69
32 85
13 78
57 86
36 53
53 72
23 98
1 59
5 76
59 68
60 72
41 61
67 88
42 55
18 92
38 90
13 82
70 84
11 25
39 91
1 89
31 82
84 98
48 84
72 79
62 92
6 74
37 86
65 88
60 82
43 82
14 21
52 57
83 90
1 23
42 97
41 59
31 93
53 71
57 81
72 100
26 64
16 81
2 85
22 36
38 67
9 56
28 51
2 41
20 95
28 60
46 76
15 40
69 77
17 92
75 87
67 72
18 63
1 19
22 56
27 58
72 78
29 97
36 99
30 37
12 65
11 95
15 98
15 49
71 96
4 47
78 91
16 57
11 50
24 94
15 35
22 82
14 54
25 77
47 61
58 61
44 87
34 62
46 63
87 90
46 77
6 21
68 75
31 70
3 70
2 13
15 76
30 82
23 45
10 64
58 72
3 99
41 69
62 81
49 93
6 18
3 97
44 75
10 100
6 63
26 47
60 99
79 83
48 92
9 20
16 87
34 38
36 55
20 90
9 61
18 51
66 87
7 99
3 100
2 56
12 80
64 73
45 84
74 78
12 91
42 63
14 66
44 68
22 39
39 83
37 51
28 68
53 86
39 48
20 81
19 25
14 33
45 86
23 94
50 98
14 85
9 29
4 34
44 57
7 40
11 22
4 70
1 63
14 63
83 100
11 99
7 97
2 29
15 89
24 42
75 76
17 81
88 97
2 64
1 98
66 72
7 42
18 87
39 95
31 45
56 91
1 99
75 82
20 34
89 95
27 59
12 98
34 51
25 92
48 82
25 45
68 84
19 98
17 35
50 65
63 99
22 81
65 74
14 61
16 82
51 69
25 47
40 54
58 96
8 88
6 94
64 91
21 43
16 56
28 72
43 58
79 82
34 87
62 74
19 31
9 45
41 88
51 91
25 97
8 31
61 88
32 50
36 95
62 76
12 20
25 55
11 92
8 67
22 50
58 92
40 58
66 97
4 92
40 88
60 77
4 82
13 40
68 94
53 78
42 73
20 99
68 90
66 96
8 80
25 94
4 41
2 51
57 88
44 49
19 48
5 59
2 59
27 35
50 87
35 87
36 71
60 96
21 63
21 91
2 68
53 91
24 73
37 56
29 77
17 83
30 43
48 70
14 53
9 26
30 85
24 45
5 40
3 34
6 89
9 63
22 29
34 93
70 98
43 57
2 37
59 64
38 77
25 64
65 76
25 46
15 58
27 72
25 84
49 87
5 32
42 77
5 25
29 69
10 16
13 86
13 45
36 62
9 51
6 93
33 54
74 89
43 47
45 65
51 64
23 27
46 68
6 16
60 70
65 86
69 78
37 78
38 68
1 8
49 94
2 42
50 56
81 86
17 95
1 45
21 83
10 51
45 83
58 90
32 58
40 70
23 40
29 43
38 66
7 74
19 89
40 80
65 89
93 97
84 94
13 49
70 92
17 78
14 74
26 57
28 86
75 95
26 94
54 95
28 34
2 12
8 17
49 75
14 41
31 88
20 43
12 17
24 57
6 77
29 41
2 77
59 69
6 29
11 96
52 61
82 94
57 95
52 92
2 27
21 98
68 81
34 91
2 67
78 92
93 95
1 27
14 28
31 57
6 20
85 87
37 90
15 94
76 85
37 61
40 84
26 75
37 98
26 35
6 12
15 57
69 88
8 19
66 89
3 76
47 91
50 55
4 77
3 51
10 70
20 86
52 86
61 91
25 58
5 39
59 97
21 73
3 43
4 37
1 53
58 91
46 82
31 89
9 35
50 81
39 44
4 80
80 94
3 83
63 100
7 52
3 78
36 75
15 83
2 82
86 92
74 80
42 92
39 45
14 19
38 41
73 93
52 89
2 89
10 71
52 77
29 74
40 53
73 78
30 86
30 93
38 61
1 20
53 77
29 48
12 23
54 66
65 95
41 78
21 76
21 34
19 62
15 29
9 13
24 44
12 71
16 49
45 63
32 40
20 69
6 11
90 99
52 85
80 96
2 90
61 81
55 94
1 77
5 61
36 94
17 77
60 79
12 56
41 62
3 39
15 31
43 67
14 29
11 59
19 30
42 72
7 70
57 74
42 82
78 97
36 98
10 15
83 91
73 96
6 80
90 97
50 60
57 66
22 28
3 24
9 46
2 9
11 36
17 94
44 47
88 94
6 46
14 94
13 76
24 36
49 63
70 85
47 98
3 20
24 80
11 78
39 68
2 53
1 91
20 88
4 88
83 96
35 81
40 48
20 55
38 78
12 44
11 72
47 88
43 53
54 91
27 73
65 78
2 71
77 97
6 37
19 27
3 86
10 99
5 48
11 66
1 30
49 90
7 83
38 64
69 72
14 68
57 69
7 27
64 98
10 46
26 71
41 80
13 96
2 10
30 70
20 73
5 23
1 6
66 73
59 90
58 95
57 70
80 91
4 22
63 92
16 36
45 74
14 99
43 81
52 72
8 94
16 46
85 94
52 91
33 49
16 84
24 68
45 48
5 20
39 80
18 56
41 85
19 43
51 78
39 50
14 23
70 77
4 32
16 83
23 71
70 90
23 42
51 63
19 66
26 78
4 39
7 14
41 100
31 87
58 97
80 100
33 50
22 66
45 96
63 70
10 45
3 75
53 73
38 50
37 55
35 52
14 81
10 95
12 79
65 69
20 66
50 68
17 74
37 97
18 28
20 98
36 90
2 14
21 96
37 89
19 49
72 87
8 29
80 95
29 32
57 76
40 56
65 85
31 58
8 24
62 97
9 21
15 24
52 100
1 84
21 70
43 98
69 81
16 75
18 60
43 100
26 54
16 91
25 96
10 54
9 88
5 67
13 46
30 73
62 83
18 41
6 81
14 35
22 43
35 45
45 79
17 70
24 26
21 74
22 58
58 81
39 42
12 50
22 69
24 51
32 77
25 40
36 42
63 84
15 53
24 62
7 45
4 14
1 66
82 95
76 81
12 83
26 48
11 46
34 46
68 98
35 44
39 51
5 89
59 74
5 65
92 97
13 36
15 38
20 39
20 65
28 57
35 62
5 11
45 60
75 92
18 84
78 93
42 94
22 38
47 59
53 57
65 72
47 93
23 69
31 64
5 15
8 37
78 95
67 86
14 98
70 75
11 37
21 77
25 35
31 46
1 74
11 26
13 22
64 82
70 79
21 95
15 75
11 35
11 28
17 57
1 16
2 5
51 93
25 91
10 52
35 90
71 74
71 78
14 52
10 24
21 30
26 61
3 23
75 93
83 93
39 59
61 95
31 44
59 79
15 86
28 42
87 91
64 99
70 80
7 84
23 65
11 14
57 68
25 99
40 100
13 90
94 99
9 90
23 93
76 86
22 64
87 97
93 96
9 86
42 93
34 63
31 75
13 52
36 86
40 75
9 74
6 83
12 30
7 39
36 49
23 88
14 46
52 63
42 87
32 76
65 96
51 85
8 43
73 89
55 93
1 73
65 87
66 81
89 91
44 84
71 76
69 96
2 100
3 71
52 97
84 88
14 78
45 90
14 24
74 77
58 80
33 36
19 54
15 46
20 30
30 94
34 49
67 85
37 85
22 71
64 74
67 99
13 91
44 69
26 80
63 68
1 42
71 89
61 83
53 90
68 93
35 51
36 74
44 90
28 58
4 33
10 83
47 77
75 98
46 58
12 22
24 72
1 49
86 97
27 56
31 52
13 98
11 41
40 71
7 82
19 85
55 82
66 92
79 91
4 85
1 56
16 60
54 85
28 44
57 84
71 90
12 58
13 93
37 91
20 97
19 36
6 58
54 80
69 86
78 84
21 84
11 74
75 91
39 82
35 95
15 23
74 95
24 66
85 98
1 37
67 92
8 81
14 57
5 31
20 56
6 70
46 52
9 27
36 88
13 51
28 46
33 72
20 71
92 99
22 34
11 67
23 100
21 39
35 68
41 57
23 92
26 44
5 57
1 54
38 44
38 52
77 80
7 67
6 17
20 79
45 93
73 94
7 93
17 48
27 86
6 10
66 83
11 88
86 91
73 77
53 59
66 93
22 33
89 92
65 68
46 95
10 76
32 36
7 28
16 40
30 95
86 93
33 66
3 15
10 57
5 9
30 78
4 83
10 90
28 92
54 60
33 92
47 84
28 52
66 94
73 100
4 30
22 55
27 44
3 38
35 79
22 68
12 82
36 63
7 24
43 92
24 79
22 99
23 87
33 76
36 82
29 52
11 94
7 20
24 65
49 67
20 27
85 100
66 71
41 95
33 78
10 69
6 15
13 100
38 97
33 94
39 74
85 89
42 85
7 56
5 82
14 18
49 80
43 78
20 40
13 47
22 90
16 78
45 80
22 32
6 41
28 83
64 83
56 94
40 78
71 94
17 88
29 51
5 60
67 87
51 79
13 39
67 96
18 54
28 37
63 98
11 30
12 87
2 73
27 90
1 90
57 83
38 75
54 76
63 83
23 84
33 91
25 51
11 85
11 23
24 37
60 81
2 20
18 94
32 80
37 84
1 55
40 61
4 51
28 77
14 91
3 60
43 89
3 46
4 98
71 86
4 71
16 64
13 71
9 32
43 88
7 96
81 94
43 74
19 88
27 40
20 32
13 99
16 51
17 34
46 56
25 42
2 74
14 89
23 56
60 64
8 13
49 68
42 51
9 77
1 70
3 67
32 49
35 98
16 94
95 100
42 66
24 48
15 78
76 93
30 80
40 79
49 61
12 37
58 66
73 79
53 58
8 76
3 96
38 57
29 40
1 33
55 59
30 36
16 71
9 55
43 91
21 82
18 38
79 95
13 33
69 91
10 58
33 75
4 16
54 86
34 85
13 26
2 40
9 36
44 89
8 65
39 52
31 74
76 83
39 53
14 88
41 90
37 47
32 42
87 89
70 81
7 80
47 78
67 70
48 55
13 87
45 89
7 59
61 100
40 83
30 57
84 100
33 39
9 31
23 49
60 87
23 31
1 62
36 67
85 95
24 59
35 65
79 90
19 74
50 67
44 48
75 89
42 83
8 82
45 76
37 68
55 67
4 93
38 47
70 94
16 30
47 71
81 87
91 96
44 51
2 80
51 96
73 85
46 100
77 99
2 28
52 73
8 16
68 80
25 88
32 95
35 75
3 80
85 93
32 92
28 48
34 42
60 90
61 66
33 42
58 88
20 64
37 50
33 89
32 83
55 79
3 79
28 63
34 89
51 71
18 47
33 63
52 68
4 10
1 39
11 39
84 97
64 77
71 95
13 88
59 91
42 86
14 39
12 47
35 74
13 61
10 13
7 44
34 41
25 71
33 41
9 22
8 44
4 55
14 47
32 89
73 84
50 53
43 86
25 26
39 73
32 60
60 63
85 90
12 99
37 59
34 64
1 87
8 30
20 54
39 98
16 23
26 32
9 19
17 53
32 66
31 59
29 46
23 86
2 48
11 98
13 81
37 80
54 59
57 98
81 84
41 65
22 59
57 62
49 54
1 34
19 71
8 41
33 99
58 73
53 96
74 93
62 71
1 48
33 53
73 81
2 49
7 33
25 76
43 46
73 97
24 69
30 81
68 87
5 33
80 99
4 75
17 63
35 60
38 58
13 72
20 38
33 79
56 59
55 60
13 17
14 82
5 52
5 63
12 72
3 19
63 67
11 20
74 87
56 100
10 65
79 99
41 89
5 49
28 39
6 49
55 96
43 50
8 40
31 37
56 98
44 64
52 95
1 17
77 93
32 81
17 66
22 100
7 87
74 79
16 61
39 84
52 69
19 61
81 99
43 48
5 58
87 95
47 53
32 100
3 90
46 49
4 94
62 100
48 61
35 46
10 96
45 50
73 83
62 78
2 66
68 73
46 94
62 84
11 81
2 91
45 58
3 25
38 62
52 71
38 76
45 57
63 79
30 41
12 35
46 93
32 98
30 74
68 72
9 60
13 55
9 40
33 77
51 70
14 92
14 59
28 32
51 80
14 26
27 70
12 64
42 50
46 74
37 70
28 69
67 84
6 53
17 87
40 95
5 12
26 100
6 14
6 97
35 84
34 94
43 56
65 84
20 89
51 81
13 27
2 44
67 75
72 86
16 53
28 40
16 73
24 99
65 92
52 78
43 65
36 52
2 38
5 79
83 95
47 86
1 5
36 91
20 44
14 73
48 85
32 82
24 61
4 87
48 62
7 51
56 66
41 96
4 99
33 43
40 77
56 71
42 91
4 31
75 78
3 54
21 48
18 33
16 25
3 30
37 49
15 45
33 71
50 52
23 63
67 78
22 25
59 78
16 93
7 76
59 77
63 77
11 63
18 90
19 50
18 97
31 53
7 54
24 28
77 100
60 67
10 63
25 72
16 48
16 89
33 96
21 33
43 51
23 91
28 89
32 37
7 86
39 55
58 69
28 78
66 86
55 62
86 89
36 84
33 93
19 81
26 30
22 65
22 70
46 96
37 64
41 84
15 95
72 90
20 68
66 74
41 77
5 17
19 87
42 98
16 44
20 58
4 28
28 75
8 66
52 83
32 59
67 74
8 57
4 58
39 58
30 54
35 50
16 59
4 72
13 18
2 93
19 40
7 78
4 79
11 58
6 34
24 63
41 49
48 56
66 78
4 81
38 81
9 39
48 87
30 44
36 60
26 56
27 77
83 86
67 100
2 98
17 64
61 77
43 62
29 49
38 99
25 27
6 72
4 63
15 42
53 87
62 66
75 97
27 38
27 75
10 39
52 56
17 30
25 95
49 85
46 66
33 58
8 23
21 26
52 62
57 67
44 71
42 61
8 60
4 60
21 60
3 37
27 36
6 84
32 62
21 75
7 19
52 74
31 68
60 69
97 100
14 31
14 77
19 35
20 36
17 45
6 57
10 20
29 84
14 90
10 42
26 53
27 81
13 29
63 93
24 47
46 78
40 52
72 91
8 36
23 53
15 37
16 29
11 90
18 65
28 76
29 78
37 54
37 94
58 64
8 51
11 54
4 66
68 83
41 91
9 78
25 86
14 42
45 69
27 32
17 51
67 89
14 25
54 63
62 82
74 82
3 16
43 55
3 92
76 99
81 98
6 54
10 34
56 95
65 90
79 92
3 73
53 63
41 73
33 65
10 98
3 58
60 100
3 57
18 50
49 53
83 88
71 77
9 44
28 79
29 92
49 57
12 76
2 60
71 93
44 95
78 88
12 39
84 90
83 94
36 81
40 44
22 52
5 19
3 7
55 75
13 66
28 94
20 63
20 53
60 68
12 81
80 97
18 26
24 29
9 16
84 99
20 47
8 54
4 36
27 79
17 91
10 18
15 62
18 78
12 67
20 45
14 84
4 17
26 81
28 88
2 32
21 47
15 33
52 60
39 88
10 74
42 81
56 67
20 57
60 95
76 82
30 75
11 24
35 61
22 54
31 48
74 94
2 18
31 54
8 26
8 48
19 45
15 32
45 66
25 52
15 41
70 89
20 48
32 48
35 47
76 79
5 81
6 60
39 78
2 8
5 80
40 73
10 30
1 82
68 82
56 76
14 95
28 74
80 93
56 75
29 100
7 46
3 72
43 61
84 91
18 30
23 95
21 46
36 69
6 66
10 19
28 91
45 52
80 90
5 94
9 62
24 54
18 95
7 35
2 61
41 56
1 9
16 26
15 22
16 69
32 91
40 98
35 64
7 25
11 75
2 46
88 100
85 91
89 98
34 43
7 50
74 99
36 57
27 57
49 88
13 32
5 26
42 74
54 84
13 34
18 40
13 28
60 86
8 18
34 39
61 73
22 98
39 43
44 97
62 70
62 80
80 84
63 97
56 97
10 37
7 48
2 65
33 56
22 74
29 94
5 72
36 51
20 78
17 85
34 68
35 38
40 49
20 41
73 80
32 79
55 66
34 53
33 60
22 93
23 82
18 29
9 66
34 92
6 65
59 84
29 59
89 96
26 66
9 65
2 54
13 25
24 76
66 98
71 97
6 35
76 96
55 99
21 69
21 42
47 95
29 90
38 42
24 30
64 90
64 68
2 76
21 99
74 76
25 48
25 28
54 77
35 73
38 85
25 65
41 60
66 69
14 58
12 33
48 54
13 74
29 38
31 66
5 56
22 96
60 98
61 89
1 38
21 80
57 71
24 56
43 76
9 72
76 97
21 86
43 64
91 100
2 23
26 65
84 92
5 50
41 47
75 79
69 99
21 36
15 64
25 74
2 62
11 27
1 80
51 98
54 90
2 78
65 97
70 82
2 99
26 69
22 26
57 93
4 26
31 56
48 98
11 31
32 72
49 69
56 73
10 33
42 57
17 31
34 55
44 91
33 82
35 86
20 23
30 55
55 84
31 49
47 67
39 57
11 18
58 87
1 31
60 73
66 100
49 62
41 81
51 62
33 81
13 19
3 89
52 58
3 45
19 33
56 62
20 33
80 85
23 78
24 70
5 66
4 8
61 82
16 20
33 68
69 94
76 91
58 77
34 88
38 69
18 45
5 70
39 100
4 57
7 72
68 95
11 69
23 96
44 67
37 74
72 81
10 88
76 98
62 68
78 89
56 63
58 70
47 56
40 96
3 6
78 86
31 61
70 91
4 76
58 74
12 86
56 85
18 34
53 100
51 54
19 100
19 72
67 73
20 37
73 88
57 73
23 59
57 99
25 79
14 50
96 98
25 41
59 88
11 19
54 96
39 86
49 99
85 96
41 54
52 90
29 86
80 83
5 62
30 50
41 68
59 83
48 68
54 61
81 97
2 47
19 41
5 21
21 53
22 47
22 42
23 39
72 94
23 35
77 87
33 64
32 87
40 67
25 85
50 64
22 41
49 83
17 41
15 68
13 64
8 38
11 100
46 75
25 62
2 75
17 97
6 45
9 98
31 72
62 99
53 89
2 83
36 93
60 80
1 69
31 42
57 80
9 85
12 26
20 74
3 8
2 50
33 97
45 59
42 80
21 97
29 62
43 72
77 89
10 89
47 63
91 98
56 80
42 69
37 62
42 45
59 75
40 76
8 87
81 95
82 93
78 100
90 92
2 81
29 36
84 87
52 93
2 31
39 90
15 87
21 31
35 66
80 88
53 61
38 86
5 8
46 70
18 35
32 64
29 82
36 47
38 49
26 33
23 47
34 99
52 65
19 64
26 55
72 76
27 80
6 73
20 42
67 91
75 94
70 78
20 59
6 13
25 32
62 89
46 73
13 23
36 59
13 38
89 99
77 90
17 90
49 51
70 93
39 93
10 32
67 98
1 14
35 99
30 71
19 90
14 55
91 95
53 75
72 92
11 40
26 72
75 88
33 59
44 66
80 86
49 73
23 34
42 59
48 76
8 75
39 64
83 97
16 99
36 92
49 76
6 62
40 55
61 72
8 21
19 86
3 81
42 56
13 30
11 29
16 52
40 72
27 33
38 71
59 63
69 80
36 41
22 44
34 80
7 85
50 83
32 78
66 91
25 67
30 67
22 37
18 73
1 50
79 93
21 27
34 98
73 86
24 82
67 81
38 53
74 91
6 23
7 81
15 85
88 99
8 33
27 82
29 60
81 89
46 62
21 90
15 70
12 90
24 50
31 99
70 97
6 85
24 34
72 99
34 100
51 87
50 59
8 99
61 92
66 85
59 89
88 98
28 84
20 52
47 70
89 93
47 83
19 23
54 74
13 53
90 95
2 70
46 61
76 80
7 75
34 69
1 92
15 20
4 12
23 44
60 92
41 98
19 77
4 19
23 38
95 99
6 99
48 83
16 58
31 62
10 81
62 94
6 43
26 91
2 24
34 86
68 97
94 97
59 93
11 68
23 77
20 93
12 89
15 55
47 64
5 30
26 97
18 53
28 43
12 45
28 59
28 33
41 66
45 61
34 82
57 65
34 66
88 90
20 84
11 57
12 63
43 71
21 68
10 59
17 59
23 97
17 80
31 79
18 76
25 38
64 89
64 87
58 65
16 80
28 36
55 68
84 89
19 53
36 54
13 85
16 31
48 53
16 68
68 76
10 25
12 54
35 55
7 11
20 26
7 10
27 74
25 61
34 77
90 93
14 44
47 75
20 83
31 100
35 48
58 94
79 94
31 51
43 77
27 95
73 91
10 67
56 92
26 74
32 88
65 99
9 82
62 67
17 21
40 85
19 80
8 69
53 66
54 62
38 79
41 87
29 80
43 83
75 84
21 61
76 95
22 92
86 88
36 66
2 16
5 77
42 47
45 78
5 44
41 44
11 84
10 94
31 47
16 35
37 92
75 90
34 37
38 96
34 57
21 92
22 27
23 48
19 67
10 14
13 97
25 80
36 68
32 75
42 67
3 88
2 39
52 81
28 81
51 56
77 85
4 35
1 67
33 73
17 49
1 71
78 83
8 86
30 64
56 93
11 65
95 98
53 95
18 61
42 88
69 93
51 73
22 63
1 46
6 47
10 55
6 64
92 94
89 97
39 92
6 92
35 70
44 76
29 34
44 59
26 83
29 88
12 53
8 98
64 88
60 88
17 98
16 55
17 22
7 77
18 52
64 86
30 58
20 29
30 40
64 85
61 85
49 92
13 75
39 62
32 65
8 47
4 49
49 56
29 68
38 95
48 52
57 79
19 29
36 48
40 74
5 10
40 47
87 98
33 98
50 58
29 79
58 63
41 74
91 99
22 46
2 7
54 99
7 32
44 72
44 60
75 99
16 42
12 93
57 78
51 82
3 49
41 55
44 73
54 65
5 85
38 65
3 74
14 80
63 76
38 63
61 68
51 72
16 86
48 51
14 87
23 81
1 40
26 84
10 53
4 89
44 54
16 63
11 15
19 42
44 58
57 64
7 47
26 45
46 67
9 53
5 88
29 87
17 33
18 49
9 92
51 100
21 29
46 64
29 85
2 72
4 97
78 81
56 61
24 97
63 90
37 93
12 97
75 85
97 99
14 83
27 100
63 66
49 64
12 84
40 43
45 99
39 63
4 25
79 84
25 73
8 12
26 60
83 87
9 30
45 100
26 99
64 96
21 37
49 100
5 43
39 56
31 40
61 87
61 75
34 78
14 37
13 48
21 32
13 56
8 34
32 73
13 77
54 57
1 61
79 87
8 85
38 88
26 76
35 96
55 63
24 77
18 27
8 73
28 35
4 21
53 76
30 79
8 63
45 67
8 46
32 67
20 82
33 83
28 98
35 72
30 34
14 27
83 98
30 92
51 95
70 96
6 51
15 61
38 100
18 99
21 58
65 94
14 67
28 49
50 86
34 59
82 98
5 97
42 100
84 93
7 65
51 67
59 82
8 93
18 79
6 55
11 47
16 47
31 65
43 87
38 83
39 87
16 65
55 80
8 25
14 100
15 28
19 24
11 77
2 94
9 14
21 85
8 77
46 89
22 94
42 58
4 96
10 38
30 59
62 98
49 84
38 60
82 84
71 91
22 85
13 41
45 92
2 17
4 53
17 39
31 78
16 38
77 84
4 56
18 83
40 65
34 84
11 71
9 52
50 77
30 33
81 96
31 60
39 60
86 96
80 92
12 29
18 70
27 97
2 86
9 95
63 94
30 84
41 94
10 61
12 78
28 45
44 85
39 77
9 67
42 70
30 60
28 62
1 15
30 56
5 73
46 90
33 84
3 56
4 29
24 89
1 7
23 68
14 86
5 96
49 79
56 70
77 83
18 62
1 12
55 73
15 63
1 36
3 82
31 94
18 37
6 86
1 18
96 100
50 85
25 50
6 76
7 62
19 94
28 50
17 55
6 25
78 85
62 87
7 69
36 85
57 63
38 72
72 95
76 92
11 51
44 50
8 14
36 56
37 46
64 78
48 80
23 64
4 38
16 27
55 78
37 45
14 56
14 79
27 49
17 43
64 92
46 97
14 20
31 84
50 70
34 61
17 82
