0
-0.0
1
-1
10
-10
20
-20
1000000
0.1
0.10
0.100000000000
0.099999999999
0.100000000001
0.5
2.5
3.333333333333
9.999999999999
10.000000000001
0.0005
-0.0005
0.000500000001
0.00579324
-0.0798837
-473019
10.5390
4204.53
6.0897000
14551.2
54464.4
4.50067
799.3130
-0.00853161
91036.3
5976.86
538.262
60.1678
35.1649
0.000784900
-0.0328085
-0.0528345
59480.2
9618.80
8187.14
0.00679332
-522.346
0.0438383
0.634364
9927.87000
-0.460967
-0.000688862
0.0356216
8.33183
-41.9919
0.0269565
-28.3611
-4.13525
624.365
0.0639690
3.85143
-0.393973
423.872
-6.31651
208.446
-0.0506793000
0.584066
5551.02
698908
869087
70031.5
-43703.7
133465
921.745
-0.0429207
-48.992900
-7327.25
-67.7328
5909.45
0.00982546
93620
1338.91
-80883.5
0.0702816000
0.00160649
0.0303446
756739.000
366653
0.000793392
24868.2
-533.425
206570
-0.294703
858408
-170419
953.04
94701.4
288.337
-5263.40
210.966
-423.758
-86.6307
-0.858101
0.000525294
-401178
-0.427626
610.594
996106.0
0.00654265
0.000577898
0.0176774
-0.64979
-0.1510410
0.00530942
0.000872561
937.695
2008.16
-0.0026685
46655.8
45.3529
0.000777375
0.651081
-0.000986892
-501.866
-1434.00000
0.0825967
0.238183
-0.000826112
0.094970
91339.7
-5797.88
3.59011
28893.5
165.647
83.4462
8.76892
-1989.48
-65.9866
-0.0062894
-1.6172
8770.80
0.00793924
40.2509
34180.4
542.880000
25.6689
0.00195646
50840.4
198.756000
64.0055000
0.0541166
-9.025700
2787.27
-0.00285904
578.550
0.000575374
0.996192
-0.00425490
0.00187793
82.0751
12645.4
790.231
0.0038107800
0.00307854
4355.67
9.53918
-0.00811697
29.4374
668246
83518.9
-0.0068579700
5.92998
0.00562080
0.0320262
-7.98161
690211
959.588
765062
26935.3
63943.3
-42706.9
97.5267
-22.6222
0.0299966
2776.97
0.00496986
0.0604145
0.557734
0.956597
5.02234
5.96271
0.0248768
-7443.13
0.00683338
0.580810
0.00457931
0.0299589
11.9188
-7177.42
-0.000517399
108.32
99.6866
756.712
8.77990000
820.451
881.423
-0.439532
916098
0.902238
4124.93
0.00651134
8.43664
6.66990
6.72918
0.542773
0.893830
7193.13
0.000826559
-40346.6
0.894770
0.0498881
4.2284
0.00527760
-0.196775
5.28580
0.00901418
111855.000
7.74706
-0.0144633
239383
0.28039
-6292.14
0.0291477
3.12913
0.00579222
0.00574206
7154.48
0.000896173
-6.943460
3.23811
0.00176336
869.829
506499
703.533
154823
37.0012
80376.8
-1.56612
21811
0.000790338
0.00750305
-0.00379357
7.22613
0.0738388
5268.50
5759.54
0.786729
0.0757166
0.06957590
-0.0123521
0.22934000
69496.4
6.95930
-35.6614
91960.40
2.73436
66394.3
-83.5940
350948.00
87656.1
226971
530.050
61262.5
0.00234458
83.4248
873624
-32577.5
830.759
0.0512463
-8196.76
0.0684138
8.53788
0.0844210
0.543186
5713.98
89309.0
-9.35623
0.0279409
0.856830
0.000551346
0.255658
-8728.16
86078.8
-0.576843
-5140.17
879.334
-9.7557
-43255.4000
893.151
25145
1683.76
0.0143779
0.000909849
0.00238003
7.1630
979.309
-872.071
9627.59
0.000680781
1362.6
2917.30
62268.7
0.985459
326.530
0.0178175
83.6809
243.381
3.38049
822.944
719.412
-0.364429
34.5238
0.000993159
0.785248
-331.566
49.2761
205.50
-0.000802534
0.504774
0.623960
5129.73
233646
-5.46784
3.2229
71.9872
0.0115926
0.0576013
0.52671
0.253035
0.976428
81854.5
8882.92
-0.960284
43.754
754.780
9553.23
-0.075534
380551
0.00087099200
0.0563496
595614
0.0679613
0.0136095
5308.43
0.00565976
4.59286
-2650.99000
532411
-673.353
778258
0.0508230
-56274.6
-0.00878601
-237961
0.0882478
0.000913462
4.62495
-8.71947
4.98021
0.00386537
8.22822
0.00225429
-0.0974573
-0.000684912
-0.130593
0.0811526
3.66709
0.000948374
5.97274
80.9957
-66.060800
359.452
-0.0421738
-1.98261
-0.0437888
-8.48959
0.242894000
0.00596918
0.0663127
0.000920594
0.006658
906.897
48156.6
5.65886
0.120113
-2927.88
0.000636253
-0.000620146
0.154317
0.00936155
-63470.9
-98558.5
163.429
170.572
0.0620720
2.15853
351399
343240
349.309
167547
-0.000587647
775770
-7818.39
60.5909
68409
0.00736791
-6055.80
419194.0
3632.50
55765.0
874917
77.9939
-0.906743000
2.70605
0.0378156
0.54748900
0.0968134
0.0098923300
0.080817
173.396
904400
29260.4
34.5784
754231.000
0.000746227
0.00892640
254.920
7.05068
9.79664
0.00652368
-6.68342
61.173800
993.979
181440
0.00946895
-440120
0.0007913460
6.96716
860810
58516.9
260.626
0.0658325
925421
808600
362.869
-0.000639334
0.0245047
0.0005685210
-70174.4
7.10096
0.533691
0.00196881
-0.551793
-68.0356
676981
77363.8
0.000715600
95.59310
65.0144
0.0626905
-0.000722419
-7.98735
-39.9232000
1010.47
4.62621
-0.0871736
0.768297
7.97357
-872.604
-0.000789972
509.039
0.0289489
326.150
-0.0381019
0.550472
-71.8880
54442.5
0.0692909
0.53791
0.184827
56974.7
34286
9.79301
41815.5
0.00086806
-38.237
-277379
74651.8
2.92258
4206.04
670483
240.465
0.00429835
4.79379
-99048.3
3761.37
17364.9
78.3663
-0.00910236
7360.89
0.00920924
774.635
0.687371
0.954451
-0.88515300
0.013459200
0.0106463
-0.000895900
0.000927147
543103
-0.05873510
667.605
0.000518902
-0.000942007
0.0362926
0.00986948
865549
6336.52
-0.955523
86886.4
29167.2
0.0519531
0.305295
1.58935
-934.35
-3.14615
78.9526
9923.05
856.873
-0.0690443
46.05580
779.309
7.23301
528.646
-3632.0700
0.844419
7.276800
-997.956
0.000595693
-0.0036574
412.176
2081.58
731.111
0.00592389
-0.00961387
9.03196
-93.2966
-0.205939
53248.3
74952.8
0.511981
0.0307822
25.9380
5664.51
31.6197
0.743311
80681.5
31354.1
-7078.6
68716
5.73396
26.4671
38.5972
0.964791
-0.00113070
240.355
371988
-6719.76
0.0417048
-9.724550
-0.00619813
4.50699
-2482.52
4.98002
0.657917
3.29688
478869
691878
0.0076507
35.4884
-0.0561731
7712.35
-9612.73
0.838733
808.071
4525.64
567743
0.000959942
47.617
661.735000
22.1301
-3.13090
247475
0.00354224
0.00133823
0.07893
904230
0.01355
72078.2
201.610
0.00314324
-786.983
0.00604610
-0.0808513
-408.568
683.023
92.059600
-0.701823
1406.43
5821.89
60.1882
-0.0444751
65.2600
0.00173047
-0.44826
-0.36188
0.0504636
3255.21
8.00825
-0.813721
3397.59
9668.82
684353
3.18021
-640.36800
0.000844859
74.1430
98444.2
-0.00921831
5.01942000
51.98800
419514
0.0052693
-85574.9
728403.0
0.21052
-0.000796943
336.75
6.85857
984499
-0.0750443
-1174.44
0.650999
71.05120
560.6830
-517.632
0.0091513
0.0086442
451632.000
5509.86
0.216540
0.571561
-1.84557
-1.7870
98.7607
8650.64
0.00853736
6852.20
0.0157185
-9204.58
746.986
48.5875
56.94
3.62753
5568.77
34.4986
0.0274330
5518.9
9.69851
-2.36933
2.99311
0.021366
8.60293
9.49727
-16.4734
55.3045
17637.8
0.23863
-0.00902197
0.00740622
29.8725
0.00223189
26.6736
6.2515
0.0722644
0.094141
65.6367
-6527.45
509896
157.544
-0.00262286
-48.4246
90.3353
50.1353
14.1272
0.00307593
0.0864615
0.00654058
569776
-362953
0.00786393
34.3198
765.526
-403.642
6.68314
0.0447541
-0.2822020
0.0735633
0.00302217
0.249819
-0.7235650
38791.70
-74.5950
181810.000
71.5630
0.777065
0.951431
17.1868000
0.180866
-86.4578
0.0276217
-7978.60
142235
0.323396
499.736
-1.58234
2.02289
0.00385294
8833.01
0.0035324
-271.037
-0.0679465
0.00460515
-0.00242515
-9760.36
-0.51666
-845.344
32.7551
-0.0115271
22.1045
4320.590
-369568
-25.6442
0.0450307
0.0649052
0.00318683
-101.455
0.68358
920110
0.885359
7.64407
438471
-103805
123.384
0.75239
-0.065112
2.91015
3.21891
-46.786
440438
45.7473
1.30193000
9.79200
416.430
7.2062
764.020
-0.000748427
-415297
23.6264
8.66614
-0.878935
4834.72
72636.8
74924.0
3983.950
0.95245
61.0512
-111351
959.358
5.31043
-0.0508760
0.166130
0.000788492
-0.00731737
383538
2446
2.53526
0.0051813
947078.00
5.57530
13432.5
-321.762
97962.2
0.793449
0.09292850
7270.5
73.1470
84233.10
59.8369
0.008098400
741.45
2492.93
-0.345104
4089.0
0.00364076
54.6977
0.00990317
47921.3
0.262083
0.00412690
0.009209200
94810.2
-57.8875000
3655.4
-0.0402678
-0.721223
0.115659
0.0397674
51199
0.000772291
536262
0.868874
0.00581256
-0.0183893
5.8043
-26.6902
879180
-4531.43
52114.4
0.0957261
10737.5
64242.2000
2.66469
-900.708
0.0864777
0.00056874
2629.28
0.0600464
0.0396655
-11.3973
44647.3
10.6435
948.354
0.863052
7135.32
41584.3
1088.51
0.0096094
6167.54
-0.0151170
0.0056536
-30896.2
0.0536527
-0.00427297
-0.475385
44.1764
-7.89073
2.06913
-918.567
0.0882093
237.384
186.358
0.00992990
0.0741339
1.3266
4161.53
187.66
441.904
2231.06
-0.0937189
670041
-509.81500
-0.000997298
0.0755306
-5676.86
0.421163
7917.70
0.371843
635800
0.00499882
0.00068741
54.2610
0.0856045
0.0157156
6970.6
-0.00722424
0.00051163
17.048400
8.72058
47848.3
243.803
-4924.14
5337.37
-30.057
-635007
18078.0
-528.514
0.00497509
805.484
0.0363144
5893.85
0.0638632
-9.31931
0.59051
61828.0
509695
941.833
0.499363
-36.0655
12.9988
0.00302073
0.242560
-3836.91
623.336
783813.0
48.1410
-5.9870
0.00756156
22827.1
15.6768
0.000593537
4.71609
-8872.72
4367.48
62.8004
0.00089079700
0.0364151
-6175.53
-669642
-954.464000
0.0610229
-88.8369
0.000998832
167.813
0.699075
102432
1023.12
-6.10671000
66151.2
780.835
-6.5260000
5.94006
93.2404
597066
971926
0.000839067
0.00259251
-573.678
69.1243000
-9131.13
22.3356
-1.65623
6137.44
4971.43
82.2819
0.680267
9504.19
0.0206130
850.24
-0.0937087
-3.68218
6.89236
90279.3
0.00637768
0.000987883
708566
893.528
0.027972
240.347
548294
0.000965424000
-80.6947
61084.1
200.922
9.43117
305098
26.8366000
52.8064
-0.732444
-6.54462
679.477
-130.169
7.18478
821263
2449.56
0.000692927
0.0964359
89568.8
675.353
0.00862835
0.00379203
9.67795
-317.767
0.95196
0.0333656
-22.7575
-3722.02
473451
0.014586
81.6859
48577.1
0.00896821
-577723
-0.0322628
0.0106651
56.607000
0.797320
-929.799
796293
68585.0
-1454.32
0.50527600
9.44757
78.9287
-27887.900
316.14
5807.45
1.80212
9.12465
-726.846
0.64738
-79.3530
8.9020
0.0487507
75.2254000
77269.6
94132.9
0.0595245
269846
88.6839
513886
-0.00792063
-0.0944862
3371.6
0.00078527
-8201.14
-0.016457
0.00234554
5997.21
594.380
-0.0224518
0.991962
-8.38006
-60024.1
3.90008000
664.098
621.70
696.516
-414.304
0.747567
910.702
833144
0.00686439
0.000819197
93.9401
-1.34226
2410.83
0.0906135
54355.9
2.42767
0.148875
-609.243
518.809
0.0184401
-370.529
20.5105
-0.00916201
0.727670
1549.77
0.000539973
818.765
0.0291681
2.24231
907.418
0.00438302
0.940720
71065
0.002003700
207.541
0.00572809
85.4377
8.66531
370.852
285.482
0.00526685
0.92606
-1768.70
4661.38
-51.565
332.949
-83373.2
0.00985488
942197
64997.200
0.00763272
946.729
9.86014
0.809810
3.2178
-0.510206
-9788.03
9.2260
-74513.6
-9.83941
25235.5
-0.00139452
0.000502676
-205.332
-7885.22
-283.501
0.0815079
-0.0328002
896.478
891.564
52.6143
0.000631301
-875617
956.032000
503.746
20219.9
1546.62
741613
-0.22062
0.0439136
91992.8
0.0762911
0.00583680
-5.33777
868.864
5793.3
0.157884000
51.8278
815883
9.87786
604588
-0.501400
30.3196
-0.455564
58.6027
8235.75
789.589
3.984490
-51564.4
-401.580
-4.22735
-708.803
0.008996000
2.06450
0.00087296
1.03533
-224601
0.948683
0.000551643
93.5024
-0.00386885
164235
-0.00123228
-5.72048
90581.6
392.851
7.06750
4182.32
659.998
0.0037783600
-6.33064
26848.4
4.08973
0.00238860
1603.31
0.0238252
0.000898333
987060
-20013.0
6224.90
568.132
0.006906580
5.86926
1413.30000
32.3883
65170.2
9.85298
4.80481
-657.053
-0.637404
-30.8149
-107.118
3363.97
566891
982986
6.63786
-853840
9.44924
6.44575
-7.96890
-135567
0.00690699
1154.23
639.410
2600.5
984.524
1649.15
-368305
0.311313
-5.13388
8477.17
487.251
0.00849947
0.000933459
7694.46000
0.480636
0.000785903
-0.0011413
1609.45
4.47581
0.000611123
73.7298
75.209900
-0.761922
356.909
0.000954640
9665.19000
93442.4
-443500
7.41430
0.015765
-8692.98
0.0345376
-759588
365.296
-95.5424
8057.9
88573.500
820465.00
841896
0.00937309
4.59805
-33.4239
0.0308778
0.0251374
245036
69272.9
5917.09
4.89091
0.239495
0.365674
12126.9
-58397.7
-0.00153000
86.7398
0.00182224
-20821.0
0.006342980
-2679.660
0.139795
0.00202713
5.41507
81256.7
-2.969440
207.599
0.00784799
0.000687549
-70197.6
8.22753
-0.000945941
-0.000600504
7661.38
-32.659
0.00833097
-0.00904376
-0.0746174
0.00274361
3.20977
1.96389
138.315
68006.0
0.0918525
-856.839
4064.2
0.0695897
50.232
25262.7
6742.82
0.598305
37.0423
1409.49
0.0410973
5315.84
-870675
6275.61
4.96167
29.954
445.946
30.1074
0.0356279
0.00238203
-749.046
-414223
-41.4729
54.036
0.039443
-0.809997
745973
242212
6291.35
986418
0.3798240
68.2886
0.00517896
-0.57489200
82.3301
44708.0
6929.1
6096.83
-7273.67
-0.0074339
8.99311
29.1261
-32452.1
-415044
0.21098
0.0463853
0.0148015
823.302
-406913
1.90196
0.586354
0.09755660
-0.000913117
0.000587216
0.0307507
-0.0054404900
0.602299
-1.86632
-0.0239994
49996.3
0.0195147
0.960033
0.00191471
0.146592
0.00116382
0.800127
31854.4
36.104
-4182.46
-3787.50
23215.5
0.00553225
0.00053419400
275799
886.940
-0.00219627
9.40995
41915.7
0.277287
0.000534577
1.46252
1416.27
449893
55.6439
0.118457
-0.000957695
0.377854
850.586
217969
9.26030
-1410.24
-0.04655680
740.576
6.00107000
-32.9512
0.292300
-174329
0.0355280
63.5930
0.511687
-0.0033706900
0.7437050
5.2732
170.628
240941
-0.00078002300
705890
0.076654000
1455.13
0.000776857
-0.93340
-0.398490
153937
3.63576
0.00083639
-0.000554146
-0.04605930
22.6623
9.92873
568188
827.697
0.0636005
0.007314120
-510116
85.9606
-786.12400
0.00861795
984.87
1631.78
0.0812665
7041.800
0.00603807
-0.0543131
6229.76
708712
0.000845292
-0.144027
0.000936222
7.43871
512.485
-0.00104303
156.24
3.96220
15.4485
-0.0054435900
0.000945050000
0.000764562
-67492.5
632.092
1295.92
634.097
-81128.1
472609
460.168
866453
932.934
0.076842200
-0.300885
0.080533
-0.679215
0.114406
5.662220
-7.41206
3371.24
0.000626563
0.00493374
61191.5
17.2577
0.928928
24553.3
56531
22.5864
0.00504237
0.00585403
0.010719
14.5682
-10.7020000
912966
0.914850
4342.22
0.00179102
0.000637724
1106.07
7.06580000
-0.433862
6.9690
513.764
-21.3424
0.272317
38.6625000
-0.000559240
-2135.02
61.83680
99.43090
0.205247
70631.9
0.000854462
8986.39
0.00488485
0.059724
0.583292
-573.25
0.000909370
20370.6
0.8486040
898.247
3.5353
0.70680
-4405.61
76.2470
1.14780
0.00554577
-0.00877710
0.0098681
0.9536330
5324.8
291.7010
7971.32
256.08
0.0322120
6457.59
-44861.8
0.00068687
376240
-85020
0.223264
80759.1
2091.20
3947.49
0.0619878
224.062
251.191
377515
2.131490
0.59597
114.038
2.82228
5948.8
0.723429
19626.7
4223.32
-0.0590473
57.7380
-0.000868541
-0.103540
-6916.78
0.00472509
0.0999401
64.1903
76839.6
1.54147
-0.000628360
2.8463
-0.979198000
793009
-22.6077
0.0017782
7970.06
-0.567047
-0.00061234
0.046435000
50630.4
0.2363230
-671665
450360
-1004.6
25710.8
24.236
2042.67
0.00982214
-9870.17
-0.0398138
87.8389
538408
8.15016
94.0122
-62.5332
3289.52
-8.3973
0.00898157
0.0315170
0.000821856
621505
70.9384
39.4595
0.00520092
536.148
-70257.1
0.0054783
0.00359027
-0.00195970
73.86480
64182.0
-0.094173600
36352.3
0.000809986
-0.0111905
64.9346000
0.065444
-0.37316000
-0.733874
0.0521276
60.5558
0.697591
564.169
0.00137984
-69417.700
445460
44.3338
0.76192
0.67849500
6864.31
0.119310
-29246.1
-0.0904186
-405.57
-0.000604535
0.0322755
0.00062781400
111934
529.98
798925
0.84684
-5.57491
4.38113
-5.26919
0.000920054
1.1408
595480
687.007
-9106.310
-442530.0
2365.47
194393
0.00679121
-4696.65
5872.22
5.28129
-9.95681
4780.28
-79246.1
0.0824330
-0.0792680
5244.87
0.0158393
-0.000821165
0.00366352
879020
-0.00235768
0.0910593
3982.97
57.8566
0.356449
0.0777256
6.27145
-382971
57018.9
0.00845412
0.000629164
-0.00294594
16517.8
-0.000747091
-8833.520
6565.72
-0.154938
581.392
-7.53080
7.03002000
4235.84
882.69
0.054686000
-420390
71873.6
12443.4
832.814
0.00245667
0.0587536
-0.00264165
-69390.1
0.00584842
0.0998883
0.816604
0.435608
-64149.1
2606.07
-42233.6
3.28496
-0.05812
0.0062291700
368.622
77055.6
297.22
2754.30
0.0857444
-0.655769
0.0064963
302.572
0.0063831700
0.00283416
870.115
65.0071
697.624
0.0618177
17002.2
-71.1679
-998780
6.0445
0.307943
0.476896
-0.558061
0.00520914
3093.79
0.00413905
-0.0308338
67627.70
0.0082304
49.9965
0.0538160
0.000881102
317839
0.00493540
0.262858
-0.00097329
916.507
417403
9.20116
275689
-719.096
682.53
-2.87849
88.2170
35098.8
20528.0
791185
0.315860
-420754
-200854
582502
-0.540024
4.78468
0.000564282
0.000558238
567.378
0.0783061
4.38973
-748981
0.00330878
539180
4.653
-0.000845692
-54.9687
36987.3
-505777
47.6256
-2.46091000
76.1544
-0.000979108
-0.533844
99877.2
-0.000740901
4.09129
0.00977516
6149.54
-207993
667575
-0.00426882
41.8239
-32.5599
4.77715
-45.0429
62314.6
621556
418.09
2.8830
-41.1973
0.00226387
-76652.6
260.700
0.668627
7.71931
842.47
44.316500
-619.580
901.709
241491
0.0104344000
381201
76534.2
85.8082
-40.6301
-990.525
136.05
774729
-0.0459231
77.1480
40.6878
-0.0291436
0.293269
0.682431
-86.2569
140.625
0.167951000
51.3836
0.00906317
53751.0
903690
98674.2
0.172195
0.0407754
811.230
1435.35
0.0158623
4739.31
-280.214000
0.08950890
476577
0.580844
-0.00830591
0.000735664
8672.700
3005.46
7249.650
34.4776
0.000830651000
5536.09
0.1798470
0.0588831
8061.0
78557.8
0.0822389
245768
91755.7
441.910
-0.00702377
0.000602495
0.698127
0.491625
-0.0833191
-55590.700
78.2637
0.042607
535760
212.960
80.8272
333563.00
0.769734
0.0666880
0.377217
0.018870
-65986.0
746.395
0.000587295
0.35377
-60.7363
0.0308853
8.43242
172.696
-0.000734233
0.149437
0.76184
0.517120
9.439880
-0.912553
0.0600311
4.18238
3.15515
62518.0
-19.4410
0.0016385
0.00151043
99548.4
0.00864294
37.4668
-0.000915088
0.0543084
316.693
140696
0.0731679
2.49540
0.000849304
-0.000995072
492.614
0.000849832
3269.9
-798595
0.000888583
0.797823
0.000741383
88200.700
-0.00911993
-0.000932206
0.35988
-4.5993
842073
238.387
-0.0775316
0.00271810
-0.000935215
0.000501770
0.0728499
0.0812738
7427.59
33.6325
-0.0241033
35.3438
449747
42.0763
571464.0
0.530961
-8.48075
458672
1053.92
2.302100
99.7172
0.00340632
4.38566
1.7717
8599.3800
18581.8
-0.000953733
-0.18586400
0.047948400
7308.59
7342.34
101.619
98212.1
10.8021
71069.9
2.69014
0.413994
0.187777
40.2622
-16199.0
0.0935377
797.733
0.0478060
-0.00311958
-25727.9
578481
0.000782072
701.65
0.00116284
0.0198512
-205786
0.0196726
-377.746
0.065768
30139.6
0.00742762
146.863
449691
-9933.67
0.0569533000
637.60
-37104.3
3.09254
-8.09291
-4.70385
-0.000746152
-0.0233463
0.001886090
409.524
6274.70
-3.18520
0.00893594
8.56726
3711.19
-718122
-0.227836
5985.96
371.72300
2113.67
44.2489
19.865
0.00821911
-90.546
-4290.53
5.53747
0.00733933
4.87363
2984.69
-9446.78
119.723
24338.2
59.63430
735.614
43479.9
715.727
0.00448184
0.251901
66.6442
49.6415
64.2308
232662.000
555967
-0.91308000
1430.71
0.6168
0.0446257
44.5225
69831.30
78998.2
0.00189501
69.7792
0.0208639
189.242
-850497.000
0.0146277
0.0778341
3.25351
528942
0.00427916
158.555
16034.7
-6.07486
714.518
