0
-0.0
1
-1
10
-10
20
-20
1000000
0.1
0.10
0.100000000000
0.099999999999
0.100000000001
0.5
2.5
3.333333333333
9.999999999999
10.000000000001
0.002
-0.002
0.002000000001
0.00281323
12.5817
0.823524
84.3155000
2.71978
0.00933021
0.0632995
0.513361
42.1973
-79.6668
0.036521000
0.00772081
-0.0431847
0.00287973
9.48881
-0.00490051
18.5326
38.0563
6.75000
19.8044
88.1840
20.5887
55.3045
0.113567
0.0936665
0.00357345
-0.0093237000
-77.2715
12.2730
0.00958607
0.00300267
64.7047
-0.005455280
4.06450
0.00259927
3.65789
42.4898
-0.0560762
0.00905392
0.00837649
0.00379659
3.18002
77.8962
77.4852
-0.00601804
0.129309
4.32190
0.00714713
68.1673
4.64407
3.25689
0.0354215
0.994947
0.0163857
6.30569
0.0734452
0.00512020
-0.00542831
-0.0099552800
1.61823
0.0968028
0.0679273
0.545278
-3.51702
33.6028
0.00214177
82.7217
-0.435714
0.342617
0.0363553000
79.5405
-26.6342000
0.0413291
0.012469
-0.00357341
0.39144
0.894284
85.8477
60.0232
8.03644
3.81089
0.197127
0.264673
0.438152
-68.6992
-5.98540
-2.83708
0.0280491
85.5468
7.81834
21.8316
0.07801660
0.073080200
0.00363426
0.0180033
-13.2558
0.00434729
2.93826
0.0540615
0.0267062
57.6274
6.03204
-0.00709802
0.194234
-0.903762
0.00656626
3.52730
1.73248
48.5408
0.832279
0.0288638
-0.00422916
0.0781460
-0.445752
0.00409090
0.00982825
0.957893
-0.107902
-0.461087
98.2747
0.0728099
27.5828
-0.0064156300
0.486669
8.512340
73.6811
0.6968
43.1907
0.0500698
72.5071
-0.0173024
0.0758415
2.64593
6.6423
-7.29825
-0.00239921
0.00231838
-0.449574
9.69834000
0.00920674
0.0749801
66.9337
70.9472
7.82831
0.218540
-5.11422
0.0560189
3.57575
0.0157836
0.371242
0.004741
0.937560
-0.0418373
0.6603790
0.0946974000
-0.00737077
0.00374611
0.533647
0.0312794
0.0984816
0.00925344
-0.0268530
0.0960872
19.5969
0.00541632
-0.0721708
-0.067836
12.8013
0.198962
0.0077613
0.445532
0.2151
27.1464
0.220776
0.00467699
0.08654500
0.318725
0.232920
-9.50665
4.26438
7.93017
0.00597769
0.0332867
0.00892709
2.3128
-9.57319
33.7928
0.0599124
0.0481050
-0.0471624
20.0344
6.58076
0.770249
0.0546285
55.9671
0.00584773
0.428099
0.0602723
5.99406
0.0028658
-0.0920867
52.63100
0.3740
0.628403
5.23450
0.0992897
0.632517
0.017298
-9.14705
0.0452895
-39.7035
-0.00951196
0.782167
-4.87286
6.50608
-0.0954093
37.0385
0.0713730
8.97801
55.5866
-87.2547
4.80616000
-0.00424380
1.8889
0.174017
0.897313
0.42038400
0.0931561
25.6166
0.0465716
-31.7894
35.1924
87.8558
4.06289
-0.00490345
0.00395526
8.28668
0.00533458
-0.10362900
-8.05946
7.2707300
0.612802
0.0834811
0.906177
35.1191
41.6799
0.651515
0.0763536
-0.835376
0.0449280
-0.120361
0.0583544
7.86244
-24.6990
7.27289
9.79790
0.876748
80.4835000
0.837872
0.422457
0.00626280
0.893201
8.91853
0.271400
0.429284
-0.00713084
73.1822
-6.34232
-0.0545222
0.0888034
0.00693907
-8.05077
0.0858476
0.00262398
0.00631117
30.5489
0.181146
0.0940273000
0.00532037
0.0567252
-0.0486979
18.0340000
68.9432
49.4935
0.0724794000
61.5422
0.00524884
0.0282880
9.21578
55.3977
0.126357
15.4004000
-96.4598
8.8874
-1.57564
0.0458695
5.11613
-0.604184
-0.0727205
4.10582
2.41155
35.0494
0.0415258
0.885119
0.00329677
0.6606310
0.0980898
-7.16733
8.91376
0.00464429
21.2224
0.00943961
86.0619
6.06578
8.41066
0.00365943
0.00988408
0.3376420
0.00550562
3.90878
0.0117684
0.002382630
-0.00218606
0.00476194
3.51128
42.2696
3.95126
15.9884
0.0741667
0.00796902000
9.95560
6.75542000
95.5246
45.7107
0.00394836
0.104067
0.024069
39.3121
0.0747063
0.048359000
0.0251921
1.41697
0.343714
-0.0825758
3.73243
0.0317070
41.9602
0.383932
0.00718978
-3.70894
-0.214205000
0.647526
1.8010
0.0213164
-0.0233865000
-0.00664391
0.0859289
-57.03600
0.0920217
3.84029
0.00920003
5.4025500
0.00535599
0.00740110
7.58415
-7.3188300
-0.362851
-0.00878914
6.49646
0.484889
1.32041
42.7530
0.0720617
0.110959
53.2366
0.669460
0.0742146
0.0897651
4.48715
8.43913
0.00850059
-0.919360
0.059178
0.0572692
0.061553900
0.0966992
-0.00393755
35.2734
-1.63210
0.2741330
0.0957783
-94.4829
0.0997570
-0.695607
5.6345
26.2749
0.00722655
77.1639
0.24558
0.00249079
0.0158199
0.0537123
0.097126300
13.5086
15.4562
0.7865980
-11.1359000
-0.00517689
0.4558060
95.6193
1.80408000
-0.0712094
-0.01350880
-0.410644
41.9934
-0.778740
0.00472770
0.771021
35.8509000
0.207462
0.565606
-0.0850579
8.45352
-58.321400
69.5084
3.41413
8.83975
1.01476
0.313875
8.38591
-0.0147342
-0.024976000
8.69129
9.07528
20.1645
0.366506
0.0089428000
0.00313540
0.0858273
-57.852100
-0.637864
0.00814936
-0.00813369
33.7869
1.04727
0.216172
16.9802
0.79794000
5.99338
16.8879
88.5887
0.0558303
-0.00343579
0.00671565
-0.0028036500
-0.709268
20.3926
-0.069160600
8.88084
0.0142886
0.00811991
-8.2399
25.6101
79.6430
-0.00365712
0.0148455
0.00550397
0.602404000
-0.0205630
0.020462
-0.0481112
3.7881300
0.8645500
1.85794
0.0265402000
0.0698825
0.745868
0.0402604
48.6546
-66.8713
-8.60855
0.984738
0.0246639
40.2078000
-0.866560
0.89501
99.9239
-0.00510013000
0.0479223
0.0050044
30.2165
-0.00285738
7.22811
0.0731325
0.176087
0.0717695
26.7861
0.3010250
0.0468527000
0.00908987
41.5562
0.00685162
7.61345
0.904660
-0.768397
7.466010
8.13691
0.839160
0.2370
0.0740442
3.9145
7.89552
2.89519
3.9263
1.94725
0.587372000
-31.3163
-7.09785000
0.422148
-2.77024
99.0579
0.855162
0.00992673
1.71425
0.477753
26.0328
11.7655
3.2710
28.1832
0.0922765
0.00715925
0.0882401
-12.0452
-67.1856
0.0213875
0.362551
0.148484
0.146978
19.4015
24.3408
-0.762592
92.5294
-0.00282376
0.00831035
0.0050699
-2.44113
81.3844
4.49346
0.00402473
0.09917
0.682991
0.0944729
0.00739576
0.25147
69.9876
46.9310
-56.1927
0.00862582
75.7852
0.31530
-0.0170999
-0.00978263
0.0070715
88.5706
0.00863961
0.94461
47.9038
-0.295129
0.0126192
4.44055
0.0188662
0.08896660
-0.0412224
35.5356
-67.2022
0.375860
83.8860
5.28853
-0.0533126
9.90905
-98.8403
-0.00758967
39.0139
0.224110
2.43322
0.95470
7.47626
38.7828
0.0433280
0.0848707
1.72834
36.4735
-10.8369
-0.494023
0.109962000
80.5144
0.00920585
2.856940
40.2729
0.0276609
1.44365
-0.116439
0.00823714
-0.0430763
0.23160500
0.16331
-6.05418
0.00697132
-0.00874980000
-0.319815
-0.0598550
-0.949960
1.9895
0.667570
0.00839071
32.5279
0.0979329
0.184161
0.00525457
0.9716960
0.979288
0.0572501
0.00343188
1.98841
0.0442113
14.0477
0.17095
50.5921
0.637231
-0.00225988
0.0725249
-0.0564777
-0.461846
-0.0098069000
7.814430
0.00981055
6.23177
46.7944
4.61023
0.0814102
50.0621
0.0345704
0.568779
-0.0442672
61.9770
1.69114
0.0123262
15.3430
-0.00210888
1.99994
-0.0145977
0.842697
-0.322591000
-26.5030
-2.60894
-0.0407160
0.0237902
0.0438524000
0.0609158
23.9488
41.1195
0.00764318
0.00374583
6.77507
0.074196
21.6944
48.9769
0.788520
-81.8337
0.680422
0.0725241
0.037210
-9.78637
-0.0222343
0.650443
89.7219
0.0023560
0.00813644
0.0252101
87.3020
0.00563098
-46.2258
59.0524
0.0114059
99.5566
0.00386337
0.199980
0.0289770
85.4243
-0.00217427
0.00716507
0.00285263
7.56188
-0.159618
-96.0992
8.51532
0.0801185
0.00789804
0.00582939
-0.00768536
6.85910
0.462589
0.0875764
0.744745
0.991680
0.0884890
-9.41854
21.6701
8.51682
0.232778000
0.0480824
0.00266137
-7.08891
0.993495
0.0571451
0.0412471
5.2914
59.8892
0.00811530
3.31480
0.656859
0.0205470
-0.0968429
4.01784
0.470161
0.266618
0.0034551
0.0533407
-2.23085
-0.0241720
-61.7425
8.28104
0.150527000
-3.64488
0.069397
10.4934
-18.201400
1.390490
38.6572
-5.86153
0.0052813
97.1177
3.8040
0.020751
0.00296304
35.0225
0.0750835
-0.00729145
-0.897527000
-0.010547
4.156000
0.00496437
0.0952057
93.5323
6.28668
0.991549
0.00642263
4.35393
3.12577
-0.00222993
-58.4153
-5.11108
0.0031790100
65.5660
-0.0686612
-1.08248
13.1856
-95.2378
49.1063
-0.0753829
-0.0749055000
0.203119
6.57952
-99.5319
0.00892717
0.418110
-99.1211000
0.06918860
2.99709
0.00707329
-0.66593
0.00851461
0.198182
0.00471858
0.0450459
85.16550
57.4182
0.824128
-0.00678348
-0.0736525
0.088802
19.9700
-0.00515906
-80.2420
0.3675
-0.431945
-7.41330
-0.363951
-11.947100
-4.17845
2.71963
-0.568286
0.0423825
0.00805587
-1.41071
3.4597
4.1944900
0.00857848
-73.8450
-4.72150
3.87755
9.08843
0.0317543
0.970025
0.600932
-0.00513970
-0.0249233
-4.22948
71.83960
-36.8004
0.164552
0.0279352
0.00943712
0.0728341
-5.98556000
1.08621
0.0060437
0.090264
83.1355
0.0237977
8.05255
-0.170917
0.002156360
0.817197
25.2434
0.0970004000
-0.003006
0.477857
-0.00329304
-61.6442
0.72548600
-25.5875
0.0496568
0.00264778
2.282570
-0.00883834
-1.8251
0.676522
-0.00815145
0.0296320
-0.00770963
-15.7189
76.5155
0.00855783
91.6036
-2.05246
0.0481770
0.00568951
0.0822214
5.88777
-19.6548
0.00591645
7.69484
0.0887840
0.0443952
-33.1906000
0.00512349
0.0055623
73.1316
1.39522
-80.1553
0.00768415
0.00893821
0.12797
0.953275
-7.24369
-0.00833381
0.00505517
-0.424883
23.7324
-0.00529159
0.0576738
0.0244211
-8.96852
4.75903
0.0043751
0.0202698
0.00220999
0.2830730
0.73679
-9.87622
0.0375564
0.914876
-0.0096034
2.53932
0.00339644
0.133758
0.9007
0.191199
36.0549
5.10578
-0.058838100
-0.0656224
48.2060
0.718663
-0.0781819
0.0734725
5.3446
2.11753
0.008384500
0.088010000
0.177522
-37.3078
0.0074033
96.0347
-0.0930868
0.752299
6.33727
-5.70891
25.9811
-0.270517
3.8687
0.479078
-53.1262000
62.5607
0.00728774
0.704625
-9.12916
0.0291910
0.0137077
0.46503900
-0.520436
8.64077000
-0.00352500
0.0622099
0.0119268
2.7154500
-0.302390
0.00350675
0.00219469000
39.7146
-0.0668993
49.3223
0.0299777
-2.72961
0.909130
-0.00493921
0.00418367
0.0443065
0.233728000
-9.96048
7.1432
-56.0899
0.00938949
0.576069
-0.00243208
92.862100
-0.0129314
0.00701020
0.032457
18.5204
61.8908
0.826647
-0.00481614
0.00501521
-34.8611
0.00345084
-3.17038
0.361248
-54.0157
72.9811
0.00992162
43.4699
-7.92485
-0.00296776
7.22680
71.4987
48.6171
