0.425437 1
0.245816 2
0.0971915 2
0.538003 3
6.05935 3
2.99537 4
-4.13425 3
13.5589 2
2.5 4
0.0672558 4
0.570884 3
44.3788 5
0.119604 1
0.069049 2
0.309838 2
-0.225562 3
0.0919550 6
9.84170 1
-0.548532 1
0.0485421 3
-62.8958 2
0.0848101 1
0.0205951 4
-2.28210 3
2.08855 4
3.00339 6
0.70320 3
0.618618 1
0.0369831 4
13.4373 5
-0.359287 3
1.17736 2
0.464326 3
-0.0136921 2
0.0988147 5
0.517919 3
0.783140 2
91.0727 2
0.0363690 6
-0.0330864 4
5.45820 2
0.455034 3
-8.47874 5
0.919262 3
0.376546 2
-1.12659 1
-0.02 7
0.700314 6
0.0768353 3
-0.0 8
0.630000 4
0.080025 6
6.74288 2
-0.0598947 4
0.17731 2
0.034448 6
0.580503 2
-0.111364 4
0.0955468 4
0.435682 7
-40.7769 5
-0.92474 3
-0.42100 2
0.0633521 2
0.695683 4
1.62321 4
0.617240 2
0.250023 6
-0.890617 2
-3.84224 3
8.34271 4
6.41345 5
0.832157 2
0.0974575 4
0.0653492 5
-0.0638927 7
-45.1244 2
6.92075 2
5.92562 2
-9.54930 2
0.0256724 2
3.31741 1
53.9455 1
69.7141 6
-0.787499 1
0.024691 6
-0.790978 5
0.01 8
0.52826 1
0.661923 2
6.89104 1
0.020504 1
0.0752353 2
0.0441816 2
0.0491895 1
0.0272052 6
5.20875 3
0.0348161 3
0.0932185 4
0.97903 1
3.333333333333 5
0.0211256 1
0.256992 3
0.0553274 2
0.36858 5
6.8687 4
-0.921206 2
0.543840 1
0.624143 3
95.6534 2
0.0508574 3
6.11391 4
31.7603 6
0.843348 5
0.0788192 2
73.9466 6
-0.0131168 6
0.839297 4
1.64183 5
81.9631 4
67.5815 6
0.100000000001 6
22.9542 3
5.66931 4
0.069578 1
0.750202 3
0.87544 1
8.78896 4
0.0996627 1
0.157657 1
0.0961874 4
1.19517 4
52.7449 1
1 8
65.4203 1
-0.0275402 4
0.0468552 2
0.0637067 3
0.908185 5
-0.515151 2
0.0505516 2
9.40996 3
0.1 8
-0.0285343 1
12.5138 5
-29.3006 3
-0.769944 2
24.2594 3
0.0316009 4
-54.7053 3
5.73247 4
0.632840 1
-60.3170 5
0.415287 2
0.0412993 3
2.59428 1
81.6751 3
0.0354396 2
2.18519 3
2.13260 1
20 8
0.281050 1
2.29753 2
0.052723 1
-87.1895 5
7.65294 5
-3.55816 1
0.026210 3
-0.0646769 1
0.739799 5
0.0563921 3
0.0155108 2
0.418057 6
29.5925 2
-46.0893 4
-63.1451 1
-43.8269 1
-25.9911 3
1.12428 1
-0.85115 2
0.853914 1
9.90657 2
9.93995 7
50.8162 7
0.0742005 2
1 1
0.0825147 6
0.0572295 4
0.0485942 1
0.0595101 7
98.5920 4
0.0168228 1
0.0428148 2
7.26917 1
0.314502 3
-6.51170 3
0.735688 6
6.29767 3
11.0176 4
0.0121850 4
3.05472 3
0.631846 1
0.0625404 3
0.0154349 3
3.62866 5
69.9625 1
0.0378745 4
-0.582722 1
0.099999999999 6
0.766292 4
2.15016 7
0.0365401 5
-0.0520060 5
5.91494 2
0.921448 1
52.5397 2
0.0843570 7
87.8785 3
0.0652569 4
0.065188 1
3.89902 4
0.0422056 5
-0.524728 2
-0.0575561 3
0.0778332 5
-1.3653 1
6.67455 5
5.44861 1
0.0653545 5
10 8
0.874272 5
0.527576 1
0.620861 1
8.29099 1
0.0706094 4
0 1
0.697209 3
0.0536048 6
6.47416 2
0.0820421 5
0.0867725 5
0.0956163 1
3.98724 7
0.0403960 4
0.556852 3
-0.014577 3
-0.66403 1
9.64986 5
0.348775 4
0.478287 7
-0.0609839 1
34.6682 5
0.606899 2
0.780772 1
5.65229 1
0.399035 4
