64.15002990995841827879
64.15002990995841827879
64.15002990995841827879
64.15002990995841827879
64.15002990995841827879
64.15002990995841827879
64.15002990995841827879
64.15002990995841827879
64.15002990995841827879
64.15002990995841827879
64.15002990995841827879
64.15002990995841827879
64.15002990995841827879
64.15002990995841827879
64.15002990995841827879
64.15002990995841827879
64.15002990995841827879
64.15002990995841827879
64.15002990995841827879
64.15002990995841827879
64.15002990995841827879
64.15002990995841827879
64.15002990995841827879
64.15002990995841827879
64.15002990995841827879
64.15002990995841827879
64.15002990995841827879
64.15002990995841827879
64.15002990995841827879
64.15002990995841827879
64.15002990995841827879
64.15002990995841827879
