57.73502691896257645091
64.15002990995841827879
67.00114235040101464674
68.26830343504216858805
68.83148613932712589530
69.08178956345377358741
69.19303552973228367279
69.24247818141162148852
69.26445269326910496217
69.27421914298354206158
69.27855978730106966131
69.28048896255330415008
69.28134637377651947842
69.28172744543128184658
69.28189681061117623242
69.28197208402446262613
69.28200553887481213445
69.28202040769718969370
69.28202701606269083114
69.28202995311402467001
69.28203125847017304283
69.28203183862846120854
69.28203209647658928218
69.28203221107575731491
69.28203226200872088502
69.28203228464559358284
69.28203229470642589298
69.28203229917790691971
69.28203230116523182048
69.28203230204848733194
69.28203230244104533703
69.28203230261551556151
69.28203230269305788350
69.28203230272752113772
69.28203230274283813960
69.28203230274964569599
69.28203230275267127660
69.28203230275401597910
69.28203230275461362465
69.28203230275487924490
69.28203230275499729834
69.28203230275504976654
69.28203230275507308574
69.28203230275508344983
69.28203230275508805609
69.28203230275509010332
69.28203230275509101319
69.28203230275509141759
69.28203230275509159731
69.28203230275509167719
69.28203230275509171270
69.28203230275509172847
69.28203230275509173549
69.28203230275509173860
69.28203230275509173999
69.28203230275509174061
69.28203230275509174088
69.28203230275509174100
69.28203230275509174105
69.28203230275509174108
69.28203230275509174109
69.28203230275509174109
69.28203230275509174110
69.28203230275509174110
69.28203230275509174110
69.28203230275509174110
69.28203230275509174110
69.28203230275509174110
69.28203230275509174110
69.28203230275509174110
69.28203230275509174110
69.28203230275509174110
69.28203230275509174110
69.28203230275509174110
69.28203230275509174110
