1
1
65
65
2
2
1
1
1
6427
6427
6427
6427
6426
261
13
6
2
1
16039164
16039164
16039163
8107285
1
103
1
10
737231
16071
245
1
1
48159
1076545
34424
7736423
2
2671635
1
1
2
1
1
1
1
4968
7326
5023954
738395
1
1
698421
7114889
1
2156072
5
9496691
6
1
20434
782670
914664
4450496
6
1
1
1771690
3840
5
1256237
1
5
6
51177
65
239131
3
11920
2447090
2177332
647468
28
6852
13925
221
5
1
13985088
1
345
546
48515
1
1
37573
413063
5024028
416
82
1
1
2
6
1664
929
345
1
3
9
81532
1
2
1
10577
12097
4857307
197924
1
3394936
8
21949
90143
1
3
1273788
1701
83
1488566
5
24
1
98
77093
3587935
10497
324
3834076
664313
74
5524
309
1
12153
1
1558292
269
2
1
137
1
25660
1
214378
11216
11
2
2
11145977
11937004
324
2
757457
11449
1
1
2
1355
3
20543
5
257463
467
2853892
77
36589
147
7175
1181392
4571653
225
65620
6627
749005
89071
7008
1
2187039
12300
14018
1
1635
1064771
325
1384
1
1323
2933225
8578
645
1192
2
5
2
1795092
57954
805012
13
2
1
17938
27855
28886
1
2
111
21524
1
1876707
357
17644
3
7811432
7566
1
467
173
3
6556
173
214578
2
31327
1
709195
113
4
2
7079
1
12573
2
1
1
4
3562544
24
2151
83
362
7379
1
29612
1
1
1
5
2668596
4100777
2
2254794
5983
2
2
176
9276
82
1
1
150
11029
97
31811
4411
18811
2
1
2
2
86
1
96
363
1635926
82
2
888
356
1261631
1
2
21623
8165
1333101
2
8754
9318453
1610438
1
1952
7289
2266600
19924
27089
1
1
1
12230
1
2328247
80376
2
1
4033
1
1
2
30
30463
3
179
12172
5
13
1
37335
83
5903265
147
6662
2
2
2975168
1
719989
1
3
2
4790367
656844
573
2116525
5
463324
11300869
13426242
2829715
5
1
5
1
11648
1010440
2
2
1
1
4115965
5948
110676
1
11535
27475
101265
35
545
9434
6
63882
1
452
1241376
6
1390
151
23
141303
117392
1453065
8739
1
7572
6
758187
3
2236580
1171939
2
2
493
830274
2
272
39
1
12387
5261
1
145
11636
8002
5
2
888302
81
18348
19560
16977
6859
4138378
1
27
877
7042
1
6471
138
3
1
1228661
1
1068
10339633
256251
22266
6824
1
1
110
1
2393864
313
1
23
12739
351756
386
1
111
2871180
111
1
1506
207
8859
2
1
1
5
2
64
662
2
295469
103059
2
2
1
485
802387
6526181
8754
1
170
966340
969641
1
61
1373
1
106
3
1
1
20631
5435377
1422497
8162482
128
1
13438
2
314384
973755
2
1
1
4796839
291030
2117376
180
151720
153486
27848
6
88
24
91146
13157
114
39632
1
1
2
67
105700
1
88
82
1
2467354
27999
2561662
1
7857702
2
12021
2064
12482
1
721
29330
776588
1
1366557
2
83
112
2
2
96
1159
11678
5
2
8
5
18
194
1
2
362
10
1
93
651069
23
295
1
1
6
1
7545
1251862
8264
1
1
140153
495
2904
2999
1
1
114
1
8045771
928933
2495761
13
1
5
3960981
6564
142
7241
1173070
1012
1
1
1
862668
1
657
219456
670494
1283313
1
859806
77
1
742
403007
5
180577
8094
37815
1
1
462
1
3
22656
2
1
1113751
1
1275
13
74
2
1
34263
8938
24
1
1
263
5326
1
757559
9
1
83867
31
4744
945364
34640
1206
2423
3
1320740
837794
644
17962
75
18
145
911809
1
6678
1913
2324018
67
67
19569
5447525
18
32853
1
2211
1
170
12561112
12213
20196
308
667148
2
666817
3
1
5
9666
1
53762
206
32799
1
24
422523
1
14424559
18
301139
94
611
1
11
38772
113348
33369
17294
1
1
1098429
4572702
2
11641
1
1
110
1
140
12214
46380
2
129806
151
1
11557493
969205
101168
1
2023667
1
1
493246
1
4298898
1598
76538
1
13571475
1249573
7882939
2
2550
1
2
10074
1028760
1888395
1086641
2
308
8345
114
66
8205
2
1
2
1192
27876
9058512
2
65
19696
37673
3
1
974493
6
149
151871
6848
5
301
910
5375642
22638
13
109781
1
2
2849
6
13344
1
1
37
1
3
2300782
1
6
149035
7307438
1
11370
1206493
83
576962
5
2602685
7096
1
3
66
1554990
5
7
12903405
1
3
6349207
1
13694
56
1
1
1
11310
11465
1571
2
1
805003
368
1
13431
7
1282885
146
885555
1644
2881411
31656
1
1
103
1394408
11876
8165
1
2411369
1
477
352
2
492
1
5
10
206
35813
988504
35
5
5
872393
1
5
5
2
63607
66
179
2429103
103350
5
1
1
2383
82211
720239
12149
3
55
1756890
7897
1
113304
2
2212
13797312
105
1
6832
7099947
295
5916908
1
122
1
26084
9150794
13
821343
24
143
966012
73024
1079203
1
1
875976
1
16
27618
1982315
9540
3
1
1833079
2
8167
32675
1
2443696
2073059
1
37
1
1086872
803183
3964
74
2
923585
2510741
360
1
2291461
19377
107651
2
4
3351482
156087
13135398
809
116
2
45518
81
696047
12
5560797
3621
83
1782
1
3
18562
14921
1
124
10489
11918
3
15
912702
8291
2044
1
1170279
1
7433
113
3
3
1
894
5
294
1
1
1208535
130
2
75260
341734
304
243
2
5162356
16564
451420
10
714
5217234
13318454
1
14378
1
71459
10
81
2629382
3666649
32762
1179
2
2
1
727484
204
10846213
1
383752
1305596
60972
1
1
99
2765692
2550757
1
5387714
6
496
1
1
651518
1
2
7284464
2
1
1
