327
1068
6817
234
3
7
5
1
13
15100
211
1
4078
13464
675
1318
8192
2
198
28429
1
8099
161003
13
18
7
136
160
49977
1
529
47
315
342256
7064
254
111
1
52125
62391
3
328
2
83
461
49
173058
144
11408
1
183
10818
2
19043
2045
58197
195
5507
7489
365
1
82
363
16056
145
28
176
1103
83
6
2
3
98
7191
16177
16962
1
2
3
2
97279
6
1
1
99
113215
116
692529
209
147
2
137465
11337
32883
23947
93267
3
55346
7848
62
6
129589
1023
21003
487
2
80
201
185
1
25924
3
1
95
10377
1
401519
96
28
1
1
6888
1
3
11930
117
79
2
5816
2339
7393
50
1
67
1
90009
29331
16535
86
243
25204
2
6903
71066
1
1
111
1
68382
1
3
155
1
375
39277
11
1
51138
13
14
1
740
13
20833
1
2
5
97630
13874
124
21105
266964
397
1
1
1
1
1
49
94
81
2
2
1
11637
59
10167
20847
24477
19581
1
204323
34974
2
689
2
122
3
1
459752
7
155
17173
281293
6
1
47621
172
6889
117
15
51540
25511
3
73
1
9708
1
16026
13631
6
38572
243
20280
11349
35
2
3
16172
2
89
209
159
2
13745
1
142
24086
2
10207
9157
6359
5
41829
220
315733
134
2
564
303
15560
1
178
101
3
429
