100 300 40 40
135 300 40 40
170 300 40 40
205 300 40 40
240 300 40 40
260 300 40 40
100 335 40 40
135 335 40 40
170 335 40 40
205 335 40 40
240 335 40 40
260 335 40 40
100 370 40 40
135 370 40 40
170 370 40 40
205 370 40 40
240 370 40 40
260 370 40 40
100 405 40 40
135 405 40 40
170 405 40 40
205 405 40 40
240 405 40 40
260 405 40 40
100 440 40 40
135 440 40 40
170 440 40 40
205 440 40 40
240 440 40 40
260 440 40 40
100 460 40 40
135 460 40 40
170 460 40 40
205 460 40 40
240 460 40 40
260 460 40 40
268 458 18 41
114 387 11 27
258 328 12 18
153 473 10 15
248 315 11 44
226 430 34 1
260 318 39 32
159 408 40 33
182 341 48 7
244 357 29 36
110 301 5 41
243 408 44 15
203 380 15 34
129 402 43 41
251 378 48 22
182 486 19 14
174 345 50 2
225 463 34 21
100 469 5 27
174 437 33 29
175 403 26 23
247 398 44 29
160 441 31 2
122 343 48 46
237 409 5 24
229 456 14 10
192 329 18 39
163 373 37 38
237 353 18 45
124 369 44 37
112 441 7 42
239 441 49 34
112 444 42 19
185 337 50 12
234 392 5 43
211 304 38 38
160 301 24 2
168 458 35 11
103 301 10 32
177 422 49 31
116 314 21 4
189 344 33 20
191 326 25 27
142 424 44 35
163 303 31 16
231 347 44 32
104 377 18 33
138 381 34 43
217 402 30 24
213 376 27 44
232 301 8 42
209 419 12 23
187 347 9 30
132 338 21 5
210 422 20 33
259 458 40 30
161 441 30 28
155 345 11 28
191 405 20 15
258 347 18 22
259 431 36 36
289 400 6 25
195 459 19 20
160 451 9 20
104 402 6 5
163 333 27 7
187 328 20 25
121 340 27 40
190 410 40 3
267 416 19 12
142 423 47 25
106 374 8 48
134 318 9 5
214 391 15 6
147 439 12 6
220 359 42 50
135 468 50 13
213 396 22 45
275 318 23 28
240 392 45 43
175 424 28 32
233 372 6 10
173 394 30 7
264 386 1 42
254 323 16 24
211 391 14 38
220 360 44 24
205 323 28 28
172 346 45 18
272 392 25 46
185 381 5 46
252 404 48 17
213 311 35 40
178 451 50 13
159 318 25 47
152 418 49 41
110 403 41 22
145 330 24 6
159 302 5 13
162 411 10 32
130 375 2 3
240 477 5 16
223 358 22 41
142 301 11 3
174 358 45 35
122 330 45 38
120 331 43 10
210 474 23 14
143 450 21 2
200 481 7 8
149 475 6 14
169 345 42 35
207 359 43 21
158 434 48 39
113 450 28 46
200 416 30 45
178 397 40 19
152 367 39 27
103 476 8 22
112 435 2 9
169 400 32 46
248 471 31 11
185 470 25 25
182 431 33 22
205 398 39 30
165 321 17 32
191 324 38 1
177 300 31 25
210 327 41 29
288 354 10 1
127 301 42 19
144 488 4 1
178 308 31 47
149 350 14 35
132 410 33 27
166 335 35 13
133 442 24 18
187 371 42 13
154 400 40 34
185 303 1 9
168 360 13 48
230 376 8 28
134 379 1 8
284 306 12 46
146 339 43 27
204 302 33 2
258 414 12 11
173 340 16 18
128 325 15 22
275 387 13 40
237 447 1 43
232 447 17 22
182 435 34 32
269 446 15 24
130 429 39 36
227 327 44 26
154 356 17 12
263 367 24 47
237 433 21 48
121 412 25 33
185 468 6 3
143 439 17 1
225 385 24 44
166 314 40 23
125 384 8 25
233 442 4 24
177 454 8 26
240 319 35 16
242 315 5 44
137 390 42 29
111 300 38 10
214 469 22 12
281 465 3 28
213 440 40 11
290 362 8 36
112 372 23 8
245 318 27 33
135 449 25 20
252 332 4 7
220 438 40 2
244 473 42 6
184 413 38 27
165 454 17 29
223 360 24 29
106 401 45 32
174 439 9 36
142 411 27 10
106 408 21 13
254 413 4 40
175 407 26 49
104 370 25 48
168 375 15 28
103 330 24 34
162 461 48 5
109 375 23 14
114 391 14 41
111 309 46 25
140 464 5 33
245 399 34 40
114 309 2 31
141 475 25 25
194 319 45 23
246 311 7 30
101 326 28 43
198 444 10 30
183 418 19 27
179 350 19 43
201 429 8 50
136 423 24 49
133 456 48 16
144 317 21 38
257 463 18 23
200 398 5 50
235 354 22 29
111 391 25 34
159 352 19 31
170 396 48 21
213 446 22 1
122 427 47 36
147 435 31 40
231 478 27 19
250 339 30 32
135 318 30 15
231 311 13 29
234 439 46 42
108 442 37 41
139 413 23 41
188 376 24 24
159 370 2 28
199 300 5 34
236 387 50 32
127 430 1 31
286 372 6 15
137 314 38 29
170 308 32 16
202 320 40 49
131 439 4 26
206 374 4 13
150 463 37 20
144 371 21 3
190 385 23 45
250 322 30 36
135 394 43 34
247 396 36 18
152 451 18 13
166 300 11 33
224 377 34 40
238 336 19 5
145 339 29 37
214 428 42 1
193 302 36 4
184 435 2 47
117 355 27 2
221 409 40 17
198 312 43 42
121 425 19 50
152 419 35 27
259 323 39 27
299 370 1 22
119 374 28 50
122 352 12 19
172 362 16 3
197 456 31 43
138 303 11 16
305 300 40 40
340 300 40 40
375 300 40 40
410 300 40 40
445 300 40 40
465 300 40 40
305 335 40 40
340 335 40 40
375 335 40 40
410 335 40 40
445 335 40 40
465 335 40 40
305 370 40 40
340 370 40 40
375 370 40 40
410 370 40 40
445 370 40 40
465 370 40 40
305 405 40 40
340 405 40 40
375 405 40 40
410 405 40 40
445 405 40 40
465 405 40 40
305 440 40 40
340 440 40 40
375 440 40 40
410 440 40 40
445 440 40 40
465 440 40 40
305 460 40 40
340 460 40 40
375 460 40 40
410 460 40 40
445 460 40 40
465 460 40 40
421 358 9 32
417 414 41 35
353 430 17 14
374 454 49 16
432 332 35 26
431 369 40 43
451 308 16 15
409 351 20 42
442 360 49 42
400 397 12 38
340 325 19 6
309 320 7 30
437 388 38 9
398 448 9 21
435 457 24 24
309 439 33 20
456 322 2 6
445 448 7 16
407 383 3 19
438 344 2 21
464 386 12 14
320 353 22 11
328 417 44 27
380 380 20 1
312 380 10 7
329 372 28 44
367 332 16 36
351 449 6 36
323 431 44 16
374 411 13 24
381 437 15 44
431 485 20 2
422 411 50 48
321 410 16 1
318 305 36 14
453 412 19 30
423 435 50 35
334 420 23 39
364 338 2 5
447 351 33 6
488 366 7 6
413 363 8 42
427 387 18 39
446 492 35 7
327 322 36 41
350 368 35 14
356 367 6 39
362 480 24 11
434 400 27 50
348 438 7 10
332 423 7 43
371 331 7 46
445 433 20 24
330 302 5 25
418 388 8 46
328 439 20 26
341 455 12 5
449 367 30 18
348 348 13 38
337 358 34 46
334 390 33 35
378 319 13 49
395 450 9 17
414 320 37 29
470 456 9 23
305 435 42 12
338 419 12 50
343 307 10 38
416 419 43 16
415 310 48 38
477 476 5 16
351 341 47 30
476 371 5 9
450 457 25 23
426 358 11 27
317 409 31 17
306 386 9 36
415 471 47 20
400 398 30 48
407 334 16 3
365 369 36 26
316 404 14 27
329 312 49 3
464 339 17 11
477 368 2 32
397 459 22 40
352 436 50 49
390 423 8 34
453 474 40 26
384 426 23 27
387 335 28 42
368 435 5 30
418 459 30 15
375 337 45 12
324 397 11 10
308 446 29 13
472 360 24 43
399 452 20 20
346 453 10 40
420 408 27 25
441 448 45 4
319 370 18 20
335 465 4 23
307 447 31 29
383 453 12 9
352 382 41 39
421 456 3 33
460 327 43 9
386 337 2 37
425 336 5 32
396 315 48 2
351 325 31 20
474 318 27 9
363 446 43 38
373 450 42 25
430 409 20 43
443 391 21 19
314 371 15 42
450 450 42 38
361 458 49 26
396 439 50 25
465 426 35 5
489 410 10 39
347 418 4 31
487 300 7 35
415 477 43 11
393 411 10 47
412 318 23 7
409 373 16 32
414 342 36 4
410 433 7 46
312 380 43 40
329 341 18 3
487 387 16 19
327 410 34 22
411 319 9 21
379 408 47 24
412 378 17 16
346 311 17 3
313 414 16 40
394 460 34 28
353 369 8 7
327 303 22 35
370 369 29 2
409 328 3 43
473 346 9 23
450 310 2 37
431 373 17 10
455 458 34 23
343 425 9 25
316 486 33 6
368 326 11 47
444 338 34 38
379 448 42 23
401 331 49 10
394 491 29 6
458 429 10 20
442 337 45 19
392 326 22 44
340 455 48 44
411 401 45 47
360 353 48 23
424 311 24 22
333 419 46 39
395 333 30 26
434 318 33 17
384 358 22 29
404 457 14 26
404 418 19 36
370 360 29 31
407 344 38 29
346 432 2 29
456 455 25 33
361 372 50 9
372 408 38 43
432 384 31 30
307 307 41 50
428 429 2 45
385 398 46 25
324 340 19 36
312 324 42 36
381 416 23 35
410 459 26 6
369 450 6 15
449 455 23 9
417 325 49 10
447 372 24 28
397 357 40 30
358 449 30 32
486 498 19 1
367 367 11 20
498 439 5 4
429 434 5 47
385 429 18 15
363 461 3 33
411 394 41 18
452 356 28 48
413 431 37 38
329 358 34 13
437 435 31 48
431 339 22 32
484 464 18 22
415 383 45 30
441 324 50 18
333 382 25 4
341 453 42 20
361 446 10 18
368 385 50 43
345 355 24 11
352 387 18 20
414 355 30 43
323 335 50 3
401 386 41 48
362 483 27 4
340 305 35 18
344 365 40 34
484 342 11 18
335 304 21 35
421 368 14 27
359 470 27 30
317 410 13 44
400 413 39 2
464 401 38 39
311 351 27 40
376 335 46 42
454 410 35 6
331 377 2 27
419 384 42 27
439 361 39 23
436 447 22 44
403 398 39 40
492 439 11 42
381 410 35 7
362 362 38 13
403 345 33 26
322 453 44 33
438 459 35 13
404 341 32 11
372 389 44 49
385 388 38 35
307 411 40 6
411 452 45 29
346 335 23 30
434 433 34 17
364 437 46 46
480 417 3 19
469 451 24 20
471 327 4 46
466 363 21 4
361 358 24 14
423 326 30 17
322 421 18 15
456 301 49 33
412 408 25 9
411 431 18 22
418 311 27 15
429 356 15 43
333 437 16 24
399 312 46 1
316 320 27 37
364 321 24 25
388 485 31 15
399 360 43 38
426 434 36 32
700 50 50 50
700 50 50 50
700 50 50 50
700 50 50 50
700 50 50 50
700 50 50 50
700 50 50 50
700 50 50 50
700 50 50 50
700 50 50 50
700 50 50 50
700 50 50 50
700 50 50 50
700 50 50 50
700 50 50 50
700 50 50 50
700 50 50 50
700 50 50 50
700 50 50 50
700 50 50 50
700 50 50 50
700 50 50 50
700 50 50 50
700 50 50 50
700 50 50 50
700 50 50 50
700 50 50 50
700 50 50 50
700 50 50 50
700 50 50 50
700 50 50 50
700 50 50 50
700 50 50 50
700 50 50 50
700 50 50 50
700 50 50 50
700 50 50 50
700 50 50 50
700 50 50 50
700 50 50 50
700 50 50 50
700 50 50 50
700 50 50 50
700 50 50 50
700 50 50 50
700 50 50 50
700 50 50 50
700 50 50 50
700 50 50 50
700 50 50 50
700 50 50 50
700 50 50 50
700 50 50 50
700 50 50 50
700 50 50 50
700 50 50 50
700 50 50 50
700 50 50 50
700 50 50 50
700 50 50 50
700 50 50 50
700 50 50 50
700 50 50 50
700 50 50 50
700 50 50 50
700 50 50 50
700 50 50 50
700 50 50 50
700 50 50 50
700 50 50 50
700 50 50 50
700 50 50 50
700 50 50 50
700 50 50 50
700 50 50 50
700 50 50 50
700 50 50 50
700 50 50 50
700 50 50 50
700 50 50 50
700 50 50 50
700 50 50 50
700 50 50 50
700 50 50 50
700 50 50 50
700 50 50 50
700 50 50 50
700 50 50 50
700 50 50 50
700 50 50 50
700 50 50 50
700 50 50 50
700 50 50 50
700 50 50 50
700 50 50 50
700 50 50 50
700 50 50 50
700 50 50 50
700 50 50 50
700 50 50 50
700 50 50 50
700 50 50 50
700 50 50 50
700 50 50 50
700 50 50 50
700 50 50 50
700 50 50 50
700 50 50 50
700 50 50 50
700 50 50 50
700 50 50 50
700 50 50 50
700 50 50 50
700 50 50 50
700 50 50 50
700 50 50 50
700 50 50 50
700 50 50 50
700 50 50 50
700 50 50 50
700 50 50 50
700 50 50 50
700 50 50 50
700 50 50 50
700 50 50 50
700 50 50 50
700 50 50 50
700 50 50 50
700 50 50 50
700 50 50 50
700 50 50 50
700 50 50 50
700 50 50 50
700 50 50 50
700 50 50 50
700 50 50 50
700 50 50 50
700 50 50 50
700 50 50 50
700 50 50 50
700 50 50 50
700 50 50 50
700 50 50 50
700 50 50 50
700 50 50 50
700 50 50 50
700 50 50 50
700 50 50 50
700 50 50 50
700 50 50 50
700 50 50 50
700 50 50 50
700 50 50 50
700 50 50 50
700 50 50 50
700 50 50 50
700 50 50 50
700 50 50 50
700 50 50 50
700 50 50 50
700 50 50 50
700 50 50 50
700 50 50 50
700 50 50 50
700 50 50 50
700 50 50 50
700 50 50 50
700 50 50 50
700 50 50 50
700 50 50 50
700 50 50 50
700 50 50 50
700 50 50 50
700 50 50 50
700 50 50 50
700 50 50 50
700 50 50 50
700 50 50 50
700 50 50 50
700 50 50 50
700 50 50 50
700 50 50 50
700 50 50 50
700 50 50 50
700 50 50 50
700 50 50 50
700 50 50 50
700 50 50 50
700 50 50 50
700 50 50 50
700 50 50 50
700 50 50 50
700 50 50 50
700 50 50 50
700 50 50 50
700 50 50 50
700 50 50 50
700 50 50 50
700 50 50 50
700 50 50 50
700 50 50 50
700 50 50 50
700 50 50 50
700 50 50 50
700 50 50 50
700 50 50 50
700 50 50 50
700 50 50 50
700 50 50 50
700 50 50 50
700 50 50 50
700 50 50 50
700 50 50 50
700 50 50 50
700 50 50 50
700 50 50 50
700 50 50 50
700 50 50 50
700 50 50 50
700 50 50 50
700 50 50 50
700 50 50 50
700 50 50 50
700 50 50 50
700 50 50 50
700 50 50 50
700 50 50 50
700 50 50 50
700 50 50 50
700 50 50 50
700 50 50 50
700 50 50 50
700 50 50 50
700 50 50 50
700 50 50 50
700 50 50 50
700 50 50 50
700 50 50 50
700 50 50 50
700 50 50 50
700 50 50 50
700 50 50 50
700 50 50 50
700 50 50 50
700 50 50 50
700 50 50 50
700 50 50 50
700 50 50 50
700 50 50 50
700 50 50 50
700 50 50 50
700 50 50 50
700 50 50 50
700 50 50 50
700 50 50 50
700 50 50 50
700 50 50 50
700 50 50 50
700 50 50 50
700 50 50 50
700 50 50 50
700 50 50 50
700 50 50 50
700 50 50 50
700 50 50 50
700 50 50 50
700 50 50 50
700 50 50 50
700 50 50 50
700 50 50 50
700 50 50 50
700 50 50 50
700 50 50 50
700 50 50 50
700 50 50 50
700 50 50 50
700 50 50 50
700 50 50 50
700 50 50 50
700 50 50 50
700 50 50 50
700 50 50 50
700 50 50 50
700 50 50 50
700 50 50 50
700 50 50 50
700 50 50 50
700 50 50 50
700 50 50 50
700 50 50 50
700 50 50 50
700 50 50 50
700 50 50 50
700 50 50 50
700 50 50 50
700 50 50 50
700 50 50 50
700 50 50 50
700 50 50 50
700 50 50 50
700 50 50 50
700 50 50 50
700 50 50 50
700 50 50 50
700 50 50 50
700 50 50 50
700 50 50 50
700 50 50 50
700 50 50 50
700 50 50 50
700 50 50 50
700 50 50 50
700 50 50 50
700 50 50 50
700 50 50 50
700 50 50 50
700 50 50 50
700 50 50 50
700 50 50 50
700 50 50 50
700 50 50 50
700 50 50 50
700 50 50 50
700 50 50 50
700 50 50 50
700 50 50 50
700 50 50 50
700 50 50 50
700 50 50 50
700 50 50 50
700 50 50 50
700 50 50 50
700 50 50 50
700 50 50 50
700 50 50 50
700 50 50 50
700 50 50 50
700 50 50 50
700 50 50 50
700 50 50 50
700 50 50 50
700 50 50 50
700 50 50 50
700 50 50 50
700 50 50 50
700 50 50 50
700 50 50 50
700 50 50 50
700 50 50 50
700 50 50 50
700 50 50 50
700 50 50 50
700 50 50 50
700 50 50 50
700 50 50 50
700 50 50 50
700 50 50 50
700 50 50 50
700 50 50 50
700 50 50 50
700 50 50 50
700 50 50 50
700 50 50 50
700 50 50 50
700 50 50 50
700 50 50 50
700 50 50 50
700 50 50 50
700 50 50 50
700 50 50 50
700 50 50 50
700 50 50 50
700 50 50 50
700 50 50 50
700 50 50 50
700 50 50 50
700 50 50 50
700 50 50 50
700 50 50 50
700 50 50 50
700 50 50 50
700 50 50 50
700 50 50 50
700 50 50 50
700 50 50 50
700 50 50 50
700 50 50 50
700 50 50 50
700 50 50 50
700 50 50 50
700 50 50 50
700 50 50 50
700 50 50 50
700 50 50 50
700 50 50 50
700 50 50 50
700 50 50 50
700 50 50 50
700 50 50 50
700 50 50 50
